1498526263375 5003.6170507600145 4975.863545063821 5029.5415831563905
1498526273549 5009.977374021709 4990.218371684688 5028.605057814092
1498526283908 5008.32078267478 4993.628653013567 5022.339023002092
1498526294156 5005.884203005955 4993.274314820616 5018.581796210465
1498526303018 5005.698353663738 4994.068417795205 5016.606176912595
1498526312756 5006.296580022576 4996.350420012595 5016.230022346135
1498526322201 5001.58885582957 4991.8435260190445 5011.235003219924
1498526332261 5001.610637483976 4992.279297875064 5010.777026990088
1498526343401 5003.993468300188 4995.088963851285 5012.920014240378
1498526355689 5003.63551965816 4995.474767576632 5011.979304833196
1498526366869 5003.359841343379 4995.585468061555 5011.138111445167
1498526379329 5002.204706450706 4994.641197572912 5009.976853013539
1498526391653 5001.388038610875 4994.254332836766 5008.621084582952
1498526404244 5003.316071676029 4996.607529797972 5010.405332447466
1498526417693 5003.175708876628 4996.176365401095 5009.938874195367
1498526431172 5004.214630845469 4997.7859332213975 5010.756909994988
1498526444747 5004.397948354317 4998.271775825069 5010.78936765321
1498526457865 5003.591526945763 4997.897301795214 5009.890322082112
1498526471156 5003.803422028911 4997.767597447364 5010.114055998144
1498526484976 5004.180169202789 4998.390069633527 5010.146968687391
1498526498727 5003.201700535013 4997.654455782997 5008.902019709248
1498526511380 5003.191527271766 4997.864466773517 5008.513313878857
1498526524727 5003.237594083394 4997.748236393347 5008.512878784529
1498526538102 5002.545116570241 4997.0886156369015 5007.821412091614
1498526551503 5001.646420158262 4996.330028595886 5006.896411123917
1498526565079 5002.102636062817 4996.817172686405 5006.974821334949
1498526577922 5002.334560595193 4997.355835670734 5007.224596678046
1498526591340 5002.1200932484035 4997.422107621846 5006.714616240735
1498526604392 5001.756230089854 4997.211142829468 5006.239049637022
1498526618061 5001.5491436511975 4997.093290218599 5006.161661166303
1498526631557 5001.316111771878 4996.742699308408 5005.866999352953
1498526644455 5000.630883147194 4996.036716438297 5005.205571432958
1498526657450 5000.5387351745785 4996.210896354489 5004.837653299097
1498526666645 5000.04577922251 4995.706696702237 5004.349074108089
1498526676894 4999.551432186444 4995.2848404980905 5003.689287555346
1498526687139 4999.395772356198 4995.2355640762 5003.57316829628
1498526699270 4999.721130219558 4995.608030419381 5003.717850727394
1498526712636 4999.447794020913 4995.507393299951 5003.373746460305
1498526726127 4999.657488580522 4995.695120132995 5003.475647106845
1498526740518 5000.335317823308 4996.264787278874 5004.210894904855
1498526753962 5000.466518928043 4996.317896324304 5004.266699175907
1498526767338 5000.7393681986705 4996.516678125429 5004.366208114639
1498526780038 5000.764560162017 4996.6770460266125 5004.362852082365
1498526793859 5000.50527222093 4996.444260727318 5004.189623903442
1498526806409 5000.430354130744 4996.5163951881295 5004.052090680482
1498526820272 5000.342270525582 4996.564634720743 5003.709643832512
1498526833798 5000.263596509932 4996.539718392269 5003.681981495236
1498526846314 5000.144176905665 4996.493287684924 5003.5126850589395
1498526859630 5000.198345722362 4996.569601471994 5003.520993078224
1498526873766 5000.1017375314295 4996.393162944657 5003.399982085544
1498526887060 5000.145917734636 4996.478179269421 5003.402991700778
1498526900693 5000.22384734411 4996.536658751213 5003.459503572268
1498526915082 5000.123148533134 4996.406635543037 5003.407410368136
1498526928712 5000.282122793652 4996.616410594573 5003.609714051443
1498526942367 5000.07198315189 4996.3621250464475 5003.26583855855
1498526956110 5000.324834110894 4996.673168770691 5003.54204444016
1498526969657 5000.332860329049 4996.82518771285 5003.458024533954
1498526983273 5000.174378878379 4996.754817847311 5003.36414705261
1498526996936 5000.112730364831 4996.665939605762 5003.346086185492
1498527010796 5000.144586746974 4996.696907923001 5003.250469893519
1498527025185 5000.376800015522 4996.984665434428 5003.379672839262
1498527038339 5000.017584259242 4996.628023880363 5003.031727131817
1498527051626 4999.932581097735 4996.693205626374 5002.997013086763
1498527064964 4999.415148773728 4996.174791096937 5002.4615001239945
1498527079181 4999.429571795115 4996.193172480267 5002.529315640048
1498527094037 4999.2028384768755 4995.948976734451 5002.172978739843
1498527107765 4999.412732377814 4996.1461421228105 5002.375940220703
1498527121504 4999.412439057569 4996.158642210938 5002.383732972937
1498527135776 4999.454497190582 4996.238047464632 5002.396940174163
1498527149999 4999.893055432365 4996.701905665927 5002.829681688454
1498527163575 5000.097363214641 4996.862971813838 5003.084852569845
1498527176616 4999.8825076859075 4996.652056238237 5002.762569396739
1498527190035 4999.84640698116 4996.609311168158 5002.8303365873835
1498527205519 4999.779319464549 4996.54610570764 5002.750893919452
1498527219632 4999.633047752946 4996.465912275113 5002.479227170614
1498527233856 4999.6084701999325 4996.410171108657 5002.337576350387
1498527247947 4999.256601712242 4996.0298331640915 5002.045738365822
1498527259071 4998.898649717598 4995.748858103669 5001.6265512251575
1498527270859 4998.879776423631 4995.766699155877 5001.588809104204
1498527280433 4998.959488943477 4995.837232714656 5001.632094609024
1498527291855 4998.8067479469555 4995.7507976977995 5001.474686710724
1498527305613 4998.520515723511 4995.464937036711 5001.21109537867
1498527318736 4998.611398984721 4995.500231684939 5001.277823457431
1498527331918 4998.567141896453 4995.473553832555 5001.236991569914
1498527345038 4998.32769322748 4995.223285270411 5001.042059668177
1498527356693 4998.243491728841 4995.183536180842 5000.9574625656
1498527368452 4998.319491968485 4995.266336360403 5001.040192872709
1498527381057 4998.217863545494 4995.249243958852 5000.856717440271
1498527391586 4998.126504986273 4995.168864822201 5000.8924096750525
1498527402661 4998.103996399183 4995.192484613756 5000.765246266462
1498527413479 4998.221088093065 4995.286838623605 5000.863669322269
1498527424454 4998.114779544665 4995.1697685210265 5000.801534303683
1498527435016 4998.267923167737 4995.350827158473 5000.8558168565705
1498527444167 4998.060803287658 4995.211189238898 5000.642709555608
1498527452573 4998.001109587075 4995.1481739843475 5000.595695347911
1498527461115 4997.936995633299 4995.0719360889825 5000.525490499595
1498527469866 4997.6988145757905 4994.803567624239 5000.309459049719
1498527479854 4997.618024577011 4994.678545921031 5000.297534628101
1498527488284 4997.689042277053 4994.783666478092 5000.251671659214
1498527496709 4997.578261444319 4997.578261444319 4997.578261444319
