1497900764520 5020.611070788148 4998.082855057886 5045.70758201648
1497900772411 5009.205790113711 4991.405087809917 5027.628515982245
1497900779936 4998.115185374802 4983.07250661545 5013.14101124476
1497900787272 5002.083361333782 4989.258410842129 5015.765859117775
1497900795599 4998.364566089257 4987.186210240259 5010.3786090203785
1497900804056 4998.769785455549 4988.675758026095 5008.878867291543
1497900813580 4995.38480447566 4986.11599430566 5004.85978519871
1497900824114 4995.306893558946 4986.321352801927 5003.895663315314
1497900834950 4993.006304077212 4984.505516328514 5001.660169892408
1497900845549 4995.230245495971 4986.8262854188215 5003.479808161754
1497900856417 4994.228431118149 4986.1585319506785 5001.920236098365
1497900868293 4993.386287960213 4985.227660702722 5001.201178042127
1497900880090 4995.2666079214005 4987.573129612862 5002.7548087608475
1497900892270 4993.6785343752335 4985.905756403124 5000.814884002935
1497900904210 4994.850204466277 4987.8751707848605 5001.994049100379
1497900915005 4994.871779576262 4988.258542891009 5001.6994627774475
1497900925923 4994.19784782737 4987.581912203487 5000.7228153467995
1497900937002 4994.481233480589 4988.15683647515 5000.81494788303
1497900948117 4994.345868034296 4988.47895966917 5000.4545820425565
1497900958901 4994.1871107145635 4988.28217571646 4999.916045096997
1497900969701 4995.461211016106 4989.6765014986695 5001.182151897953
1497900981833 4994.739027287052 4989.057783867565 5000.642564176001
1497900992694 4995.431946061188 4989.836438356041 5000.969223964974
1497901004338 4995.825669773962 4990.438937783519 5001.153736166888
1497901015935 4996.282578125333 4990.816125320001 5001.344609554968
1497901028624 4996.22508472307 4990.807832771595 5001.0939951092805
1497901040101 4996.101020417953 4991.008629162421 5000.896397297632
1497901051545 4995.974062391737 4990.741450298747 5000.788751945016
1497901064858 4995.718779840883 4990.680223477037 5000.526687325364
1497901077628 4995.478764297669 4990.522694623243 5000.118458195813
1497901089976 4995.039338881315 4989.987308285166 4999.757619977618
1497901102140 4995.021333831926 4990.3448471610955 4999.552730495528
1497901114414 4994.868164494729 4990.187225939006 4999.556198790467
1497901125464 4995.298240474835 4990.567973390109 4999.816366461597
1497901137492 4994.948473411419 4990.3698776006495 4999.4123278707575
1497901149185 4995.355869570547 4990.917691915885 4999.67009100215
1497901160773 4995.018950872113 4990.684463486524 4999.285212978701
1497901172146 4995.4508441779535 4991.080673342278 4999.589177143671
1497901183838 4996.4217071296625 4992.103970179235 5000.417172487732
1497901194657 4996.4470980527185 4992.208009072375 5000.40060512822
1497901206457 4996.558308289528 4992.404421279173 5000.50101714675
1497901217869 4996.749803909362 4992.602658142247 5000.705041531961
1497901228539 4996.752562039432 4992.7292984211745 5000.461484164203
1497901240282 4996.344958494259 4992.373554407567 5000.1101062101425
1497901250922 4996.567824691675 4992.666696822238 5000.249888302693
1497901262570 4996.5239594959485 4992.467803747788 5000.206641163412
1497901273546 4996.169925660988 4992.236352047902 4999.764875028068
1497901284592 4996.671981920518 4992.884847757783 5000.372003324835
1497901295680 4996.70959124552 4993.039961209 5000.503328704505
1497901307581 4996.398986965895 4992.821231764781 5000.155156355587
1497901320026 4996.210568226372 4992.657946358966 4999.915063005574
1497901331719 4996.19297156424 4992.537919830611 4999.937559797878
1497901344556 4996.3830876541715 4992.708077927266 5000.087581096231
1497901357314 4996.6561222940845 4992.950783670819 5000.249586761008
1497901369280 4996.957036419235 4993.393033970749 5000.483919089882
1497901381378 4996.86002685879 4993.2031402902785 5000.452720226063
1497901394264 4997.0349292767005 4993.387937315251 5000.50796344513
1497901405640 4997.327492552893 4993.650504766079 5000.759748846787
1497901417567 4997.21391727081 4993.536157528438 5000.613524066653
1497901430218 4997.062136313136 4993.404514037869 5000.49631977964
1497901442752 4997.080124570422 4993.463555404488 5000.393331102252
1497901456240 4996.95045146556 4993.5031500091345 5000.246618774782
1497901468462 4996.964406791586 4993.592555051499 5000.261258799258
1497901480469 4997.085367359092 4993.66631188333 5000.375421956641
1497901491623 4997.026449328586 4993.635157938463 5000.340660561956
1497901503735 4997.132006236649 4993.743697902189 5000.413946340132
1497901516154 4997.057894904038 4993.645728924575 5000.3785849698515
1497901529178 4997.082653605546 4993.696175571074 5000.384524106961
1497901541969 4996.786534142539 4993.372185203735 5000.118958900661
1497901554112 4996.85809855574 4993.547627826344 5000.042628368552
1497901566070 4996.750592602226 4993.379522334085 4999.919302223046
1497901577948 4996.850533610557 4993.538090046865 4999.888593697235
1497901589514 4996.692950937076 4993.466574920604 4999.639134551572
1497901602295 4996.645176276844 4993.550464327972 4999.481143360866
1497901614174 4996.808623626073 4993.646105956148 4999.753756368623
1497901626388 4996.927300630763 4993.766429270742 4999.931075083462
1497901638752 4996.7655120169175 4993.548827374644 4999.778458686709
1497901651055 4997.197962689969 4994.059833593534 5000.227242580384
1497901662607 4997.139370307567 4993.989005167103 5000.100414226478
1497901674908 4997.147767720267 4994.016822360326 5000.226762114653
1497901687188 4997.518291282753 4994.437083257325 5000.532777813373
1497901699100 4997.369795922023 4994.283987462867 5000.242308227363
1497901710915 4997.245203410122 4994.216385031156 5000.117946895043
1497901723692 4997.316404268616 4994.303947782673 5000.169367801775
1497901735492 4997.306776733479 4994.255766783632 5000.11814519249
1497901747534 4997.449835685701 4994.4596144409725 5000.348397725676
1497901759488 4997.390330004631 4994.431163943314 5000.259262979014
1497901771296 4997.725205540204 4994.82531925589 5000.451700770606
1497901783835 4997.636095781 4994.760913201017 5000.352016126102
1497901796327 4997.410414751299 4994.509503358018 5000.1819492499835
1497901807650 4997.292061061411 4994.41355068133 5000.054342114059
1497901819791 4997.427692921751 4994.577486923347 5000.231807396073
1497901832278 4997.377373174311 4994.521407326145 5000.219291308765
1497901844505 4997.536476324477 4994.62530497755 5000.248290491209
1497901856836 4997.65092422297 4994.760881518308 5000.426740699153
1497901869496 4997.710049005394 4994.829979584993 5000.2841742143
1497901881790 4997.541696712339 4994.635574468856 5000.049992265496
1497901894597 4997.78676380129 4994.879503001271 5000.377090813908
1497901907089 4997.5016041225535 4994.617954123692 5000.125616224247
1497901918499 4997.578261444319 4997.578261444319 4997.578261444319
