1497896510481 4870.308779443255 4791.586122047244 4972.174074074074
1497896511961 4914.235659246576 4841.399898759808 4994.169849805303
1497896512878 4961.638553082192 4905.08205463219 5015.201432145281
1497896513597 4960.41580130607 4910.80743618202 5004.900971451229
1497896514272 4975.248801369863 4924.709971464807 5026.470288461538
1497896515391 4977.803658359214 4931.186762977672 5021.392814012778
1497896516541 4985.908770023275 4949.040777869297 5024.801030519223
1497896517343 4963.32515025131 4928.75613868408 5001.717278120838
1497896518207 4966.6013719838165 4928.040280936455 4992.874271694315
1497896519454 4973.850577169731 4942.158464685357 4999.1689613144945
1497896520734 4979.776183760684 4956.51111304278 5003.458198977916
1497896521224 4981.278720830323 4952.686142126892 5002.864768396121
1497896522055 4987.422727661394 4957.445338455776 5011.872159497529
1497896522896 4982.834913159424 4952.972969708681 5004.7790703125
1497896524077 4981.748771188976 4949.754285714285 5006.292044423786
1497896524646 4981.7136365773695 4958.930915178571 5001.18034375
1497896525653 4980.862034330068 4956.876888392857 5005.1404375
1497896526548 4983.300926024845 4959.578850974232 5007.79650390625
1497896527335 4977.8802622468775 4952.500517817956 5001.9828125
1497896528159 4977.249171707672 4949.747374120195 5001.976649207411
1497896529256 4982.826042352378 4954.168572916667 5007.464001657586
1497896529803 4986.306367005973 4959.658213541667 5011.503128578538
1497896530448 4986.631693498386 4961.458433779722 5009.771633592511
1497896531357 4988.251015538813 4967.221351954121 5010.107535355977
1497896532793 4990.810598156098 4970.610362273348 5012.0800286300155
1497896533592 4994.232659256092 4976.377028374162 5012.241013253527
1497896534301 4996.111116809848 4977.6848851158065 5014.352203273924
1497896534887 4996.193941621751 4980.928091872165 5015.538979385101
1497896536225 4997.510501436094 4979.681584821428 5016.420707105245
1497896537428 4998.870168839496 4981.055830357142 5014.401796875
1497896538128 4999.104160076601 4983.587482142857 5015.282074737751
1497896538758 4997.96614175921 4983.329294642857 5013.880993904576
1497896539979 4998.094941793876 4981.099334821429 5015.340330512931
1497896540890 4996.242182592085 4982.284450892857 5014.834965609186
1497896541612 4998.425996204934 4986.049075417079 5015.801546617697
1497896542110 4999.271587368745 4986.65829949091 5014.247073696255
1497896542943 4999.454122775154 4987.247484690734 5015.362693129236
1497896544201 4996.259602564102 4983.540249183179 5012.69982421875
1497896545063 4996.498824786325 4982.780875 5010.815205128205
1497896545886 4997.197457264957 4982.496981097727 5010.74876068376
1497896546473 4999.097164469326 4984.427808119424 5011.03334375
1497896547045 4997.8189156734625 4983.337759742024 5009.895956103877
1497896548295 5000.509476050272 4985.602643687878 5011.78615234375
1497896549064 4999.821459704299 4982.6387993188655 5011.906584049907
1497896549948 4997.346101254572 4980.497876166558 5009.87848046875
1497896550898 4999.497807992069 4983.9871217523405 5012.0329547870115
1497896552205 4999.83564921636 4982.734091367096 5013.644799148922
1497896553016 5000.482782048379 4983.86193024815 5013.719853970289
1497896553969 5001.6052019861045 4984.166332075062 5016.23859539688
1497896555056 5001.892413934566 4983.804352204563 5015.035806854181
1497896555880 5002.117684763797 4984.110330794721 5016.339315641061
1497896556667 5002.199075280856 4985.064553885984 5015.658269767954
1497896557346 5004.84945450816 4988.108199074074 5017.890340381684
1497896558382 5003.6706113134005 4986.449125 5017.543949234471
1497896559377 5004.500365383054 4987.011406932531 5019.117072409751
1497896560096 5003.437630879424 4985.8185324074075 5017.727889469347
1497896560902 5003.002739421601 4986.0811476789195 5019.48703386837
1497896561682 5002.687654104687 4984.818768852374 5017.273741765428
1497896562855 5001.845052728733 4984.953419631843 5016.550259599684
1497896564085 5000.8950255941345 4982.535645912618 5015.090305359617
1497896565081 5000.494571556752 4983.0540727778025 5014.155091168115
1497896565820 5000.973636985131 4982.091253294063 5014.904575267957
1497896566529 5000.397312597466 4983.76575462963 5014.931795288931
1497896567222 5000.304366588336 4983.241 5015.405838110525
1497896568001 5001.74549742985 4984.880462962963 5015.961780674097
1497896568827 5000.978303781243 4984.171861111111 5016.232240311855
1497896569614 5000.648301880344 4983.551138888889 5014.629457058605
1497896570093 5000.5470944366825 4983.840965545571 5014.637192089157
1497896570740 4999.650517996369 4982.342435338564 5013.844053167907
1497896571334 4999.189540194038 4981.317064369767 5014.406489450974
1497896571954 5000.057335833935 4982.144741502008 5014.118375191237
1497896572879 4999.2869013187965 4981.594926897068 5012.966002455826
1497896573902 4998.319280917309 4980.995890465881 5011.544136108676
1497896574996 4997.655923854767 4980.336377620806 5011.799126916253
1497896576031 4997.120419183677 4979.9645373032545 5010.446319574885
1497896576745 4996.545534554652 4980.726637578276 5010.5310426768565
1497896577348 4997.008083259279 4981.383132819537 5010.783623156504
1497896578063 4995.919665057461 4980.067532407407 5009.7460695253085
1497896578762 4995.916009792236 4980.9701125035035 5008.917729171507
1497896579724 4995.738920149882 4980.204688322547 5008.836095793845
1497896580672 4996.996372492469 4981.432626246986 5009.043860573539
1497896581299 4995.908033257567 4980.860195884133 5007.240575902574
1497896582256 4997.152700520366 4982.173971006834 5008.425283432197
1497896583107 4996.648014286203 4982.727169735788 5007.859738516763
1497896584029 4995.8172053577155 4982.551363164376 5007.019049454078
1497896584858 4995.808244929697 4981.4884422899295 5006.487856961656
1497896585432 4994.8664083162075 4980.638927843078 5005.706753002576
1497896586084 4995.701242880886 4982.43286376799 5007.374790808648
1497896586620 4995.799310412599 4981.805970281306 5007.636530735277
1497896587165 4995.927815141131 4981.703410016243 5007.858904681393
1497896587688 4995.536079302683 4981.924310248729 5007.212963358235
1497896588170 4995.761078923982 4982.451846916871 5007.636511098463
1497896588855 4995.9902332317915 4982.5120565869975 5007.7745082333495
1497896589646 4996.657314723437 4983.78774537037 5007.142326732674
1497896590347 4996.990793313083 4983.744622217111 5007.179580069419
1497896591138 4997.403174264109 4984.165574074074 5007.782953602504
1497896591848 4997.926862611073 4984.961089212307 5007.811124755235
1497896592569 4997.496097638078 4984.934449074074 5007.536467295
1497896593242 4997.186716106763 4985.287634259259 5007.54232701475
1497896593911 4997.575980863287 4997.575980863287 4997.575980863287
