1497976931366 4983.5940091674665 4956.507686684297 5011.171430387524
1497976934004 4986.045886328987 4967.634737369538 5005.13840445269
1497976935923 4985.5383861560495 4971.443094739988 5000.755435208391
1497976937770 4983.594082997948 4970.342068300005 4996.277446913158
1497976939865 4985.555780145927 4974.683553912529 4997.984285969243
1497976942359 4988.5966151632565 4978.39435652375 4998.884116848137
1497976944554 4987.460678500821 4977.911846614486 4997.269593356323
1497976947355 4988.482526838733 4979.625488855364 4998.283936763247
1497976949476 4990.0913328582765 4981.948751406618 4999.391672255219
1497976951464 4989.363708081739 4981.6620390166545 4998.530297760434
1497976953659 4989.443152459464 4981.84932173139 4998.000615394122
1497976955571 4990.324510107445 4983.258817959323 4998.410253626924
1497976958065 4991.347780337814 4984.528973704345 4998.782805146833
1497976960353 4993.483407398057 4987.1089975974155 5000.413699595007
1497976962812 4995.487365406839 4989.150859291351 5002.3000038795635
1497976965280 4995.085102154952 4988.806933548552 5001.738592422049
1497976968021 4995.538613561195 4989.548709240598 5001.824836631549
1497976970327 4996.302203042363 4990.479589818898 5002.1188388548435
1497976973267 4996.477452471848 4990.830372078198 5002.010657805356
1497976976315 4995.367707229499 4989.753026159366 5001.139520029493
1497976979058 4995.4111822614195 4989.782555581921 5000.584167206132
1497976982389 4995.24020835621 4989.832420606195 5000.278000191831
1497976985203 4995.541963917344 4990.44353793527 5000.621471230122
1497976987971 4996.698411706786 4991.552572604318 5001.66145106743
1497976990859 4996.179732455448 4991.451630007856 5001.464126236556
1497976994223 4995.834817470718 4991.122087268155 5001.060528895996
1497976996898 4995.434151521095 4990.724969027801 5000.428533842529
1497976999950 4994.987838740552 4990.271011597833 5000.122600231113
1497977003054 4994.882890401221 4990.306842298027 4999.677141092144
1497977005977 4994.673210249806 4990.179158768138 4999.500174705238
1497977008862 4995.057641980242 4990.458494314856 4999.580561509405
1497977011964 4995.247272589264 4990.825032030834 4999.708190560925
1497977015239 4995.321945774681 4990.965876844847 4999.53586416369
1497977018463 4995.573919851568 4991.2026328282345 4999.960003171231
1497977021678 4995.295165914691 4990.7912249259825 4999.721848899189
1497977024307 4995.43766354911 4990.968426471187 4999.634670768602
1497977026711 4995.264133552347 4990.990106545062 4999.330301196423
1497977029197 4995.426328233323 4991.226129323213 4999.650732983094
1497977032164 4994.945682234773 4990.704717109258 4998.941092591059
1497977035061 4995.033046168476 4991.04202550306 4999.063052993426
1497977038066 4995.622335955952 4991.476766962046 4999.603002482805
1497977041262 4995.647352722755 4991.605760371831 4999.642494540465
1497977043952 4995.320432400162 4991.3014159759205 4999.385573781282
1497977047578 4995.175272004201 4991.1981432939965 4999.166239115675
1497977051265 4994.903626459569 4990.97731548256 4998.952849027247
1497977054326 4995.316080860691 4991.551428828856 4999.349758138637
1497977057291 4995.089297029914 4991.195088525029 4998.911315114349
1497977060345 4994.941856939633 4991.002272690619 4998.760285031843
1497977063521 4994.88392474879 4991.150971516273 4998.648687048512
1497977066771 4995.248563249638 4991.531735641422 4998.86800713405
1497977070103 4994.956944868802 4991.197677835811 4998.567615548972
1497977073427 4995.143517376439 4991.382608959007 4998.67736585873
1497977076877 4994.772256716859 4991.011908138749 4998.388499844788
1497977080098 4994.741324381708 4991.130901438894 4998.189791055151
1497977082928 4994.855052069274 4991.19942343931 4998.464946039301
1497977085903 4995.087737990052 4991.249752193156 4998.8629295494975
1497977089226 4995.54949023551 4991.707084900762 4999.162249335627
1497977092555 4995.80013402705 4992.015912597311 4999.193053731891
1497977095822 4995.999659068667 4992.222283071954 4999.461295555273
1497977099084 4995.662256446623 4991.85514130333 4999.248274309965
1497977101763 4995.687152218531 4991.953697727102 4999.030627794161
1497977104835 4995.713904027793 4992.092296556068 4999.019654263954
1497977108397 4995.7720541218105 4992.30646642427 4999.251026757671
1497977111579 4995.7570504067735 4992.256429844938 4999.189001786273
1497977114818 4995.614862106028 4992.154404564337 4999.072555685659
1497977118483 4995.731350685658 4992.249808874576 4999.021587774263
1497977121781 4995.987104320635 4992.614030683517 4999.201212637701
1497977125028 4996.26211899759 4992.978211911755 4999.429326633412
1497977128590 4996.417574092818 4993.130751181081 4999.4931457521625
1497977131903 4996.261871733805 4992.920214048215 4999.239907926423
1497977135418 4996.409171873048 4993.2137520428605 4999.205351070143
1497977139108 4996.285254042321 4993.017513104559 4999.150512332172
1497977143052 4996.664245524536 4993.374701887227 4999.534473139362
1497977146730 4996.685417085992 4993.408214061493 4999.667951739284
1497977150104 4996.6538604886 4993.354606988423 4999.69571237917
1497977153354 4996.7940054007895 4993.552985825 4999.824509676158
1497977156542 4996.943403093605 4993.836883522237 4999.829853781125
1497977159896 4997.193552383182 4994.071659414065 5000.097279488876
1497977163322 4997.350248024281 4994.137521923345 5000.303902933718
1497977166922 4997.482914938011 4994.341539836204 5000.382584924074
1497977170497 4997.337356670094 4993.873756115565 5000.290006437718
1497977173681 4997.341271826218 4993.932207001529 5000.3320934038
1497977177214 4997.178927539229 4993.938103658845 5000.213767455222
1497977180656 4997.272473738031 4994.110698679587 5000.182707289455
1497977183821 4997.179333329637 4993.95672910416 5000.202621076557
1497977187095 4997.001866287027 4993.893495994455 4999.969316354387
1497977190761 4997.134058127064 4993.9307356092795 5000.101971547536
1497977194062 4997.0580501054465 4994.055186447259 4999.905291898522
1497977197825 4996.993941663081 4994.0509495255 4999.773999725284
1497977200961 4997.19375669232 4994.253751877392 5000.0182167024395
1497977203782 4997.146306730048 4994.200623315584 4999.911429151398
1497977206880 4997.121263454421 4994.018161507848 4999.689352686453
1497977210331 4997.402018720283 4994.398752509656 4999.941212053355
1497977213367 4997.4415233661975 4994.466085529117 4999.9089974020935
1497977216088 4997.342824575625 4994.445468865332 4999.820682494156
1497977218240 4997.268913332386 4994.529630237634 4999.6297698701765
1497977221245 4997.504735405147 4994.678084145108 4999.952235980975
1497977224520 4997.258824071229 4994.476644066184 4999.694520021948
1497977228183 4997.394987392577 4994.523089388239 4999.779812452811
1497977231818 4997.578261444319 4997.578261444319 4997.578261444319
