1497976960900 5000.135779307992 4974.577879455218 5024.592281879195
1497976963336 4997.535880271181 4980.68967541547 5014.870518464304
1497976965919 4991.145400277156 4976.7989829957605 5006.17768693418
1497976968160 4996.1106906439545 4984.162132425949 5009.82511633355
1497976970584 4995.693872590824 4985.082019636313 5007.186368396482
1497976973343 4991.6491326067335 4981.429093379184 5002.6177177556265
1497976976254 4994.663670554122 4984.446521615184 5005.200879628949
1497976979058 4994.365396300836 4984.975726508653 5003.915316240805
1497976982389 4996.371767941666 4987.566272420911 5004.613842876397
1497976985137 4994.974476677 4986.81914904857 5002.862028604687
1497976987835 4993.001206136821 4985.517741974839 5000.44772580782
1497976990858 4994.040569001822 4987.309670551918 5001.069955638915
1497976994128 4995.08988101165 4988.73401851239 5002.452119763337
1497976996892 4994.0708684283245 4987.672066036952 5001.543727571452
1497976999950 4993.7009594198535 4987.719260413592 5001.231893979663
1497977003020 4992.517813422746 4986.555731790347 4999.359278193252
1497977005896 4993.781513045803 4987.8028451831115 5000.751233835956
1497977008641 4993.255809937121 4987.455835078442 4999.613221349064
1497977011709 4993.459782520628 4987.8787402454645 4999.5193953862245
1497977015049 4994.405806711598 4988.899235917626 5000.348309791589
1497977018202 4994.277022058236 4989.015726624845 5000.328181463838
1497977021116 4993.86859370176 4988.639883371812 4999.770595695028
1497977023565 4994.850805479242 4989.693348449882 5000.26853836919
1497977025881 4994.209300004989 4988.846608099858 4999.344746554153
1497977028556 4994.880800265413 4989.751103928406 4999.913890427093
1497977031856 4995.317226285154 4990.129918369228 5000.110267975637
1497977034965 4995.263964127044 4989.91377095329 4999.90102927592
1497977037956 4995.168674210717 4989.946130277087 4999.786382873985
1497977041175 4995.512521390647 4990.5974866769175 5000.089454949236
1497977044029 4995.560827827475 4990.721960727138 5000.070669806957
1497977047578 4995.763639837088 4990.94501994947 5000.123133479836
1497977051161 4996.36759936769 4991.72865211732 5000.553950819177
1497977054097 4996.033472591024 4991.448854197837 5000.296440102502
1497977057078 4996.3205952330945 4991.920548399787 5000.336800844895
1497977060198 4995.897480557554 4991.560288879191 5000.005290449718
1497977063330 4995.094709629274 4990.612876378401 4999.149115359005
1497977066586 4995.069273384244 4990.780448114907 4999.149014435503
1497977070134 4995.139526062591 4990.824495533507 4999.203366151434
1497977073427 4995.249807041514 4991.3783049507 4999.339584541551
1497977076730 4994.907529255041 4990.974633213245 4998.831126174904
1497977079749 4994.856895041211 4990.897712849325 4998.702122796861
1497977082615 4995.303887228664 4991.15283995245 4999.003974109264
1497977085783 4995.464886291095 4991.430434693071 4999.151992043044
1497977089178 4995.356078268829 4991.277256977251 4999.325087484151
1497977092555 4995.710092359677 4991.895128791861 4999.546347619985
1497977095822 4996.326752531578 4992.533700455772 5000.068727703434
1497977098958 4996.667339706531 4992.724448518311 5000.3741961461155
1497977101689 4996.416964258872 4992.629774462038 4999.945639680467
1497977104776 4996.308338592616 4992.491297548353 5000.00696258866
1497977108391 4996.302605695815 4992.618098249671 4999.849403184823
1497977111694 4996.290170036197 4992.5334383857435 4999.804065280366
1497977114880 4996.159685720987 4992.528669198068 4999.741338395926
1497977118484 4996.145916389664 4992.461403479765 4999.614283917414
1497977121781 4996.4151380689855 4992.68129575997 4999.800076453504
1497977125028 4996.3163837615875 4992.755531317542 4999.7772530248985
1497977128589 4995.980328702142 4992.30473017096 4999.508374581033
1497977132134 4996.132165991804 4992.52239490627 4999.6173527702285
1497977135464 4996.117528385419 4992.521130982457 4999.618838255689
1497977139108 4995.988613891257 4992.176448346203 4999.46718529054
1497977142915 4996.20196869667 4992.5917332998615 4999.754241776203
1497977146577 4996.284643945606 4992.748065910141 4999.783433932991
1497977149921 4996.712464281191 4993.16999052782 5000.130849004357
1497977153196 4996.901306876549 4993.31701864097 5000.370789018431
1497977156541 4997.038155216101 4993.546566776112 5000.444513958032
1497977159896 4996.917485104374 4993.168869234462 5000.35145594603
1497977163248 4996.9130340783295 4993.348857270441 5000.312773908814
1497977166848 4997.151854412781 4993.631485723214 5000.428195335551
1497977170391 4997.548889673511 4994.095029453863 5000.7788394337795
1497977173634 4997.70966733644 4994.194966568258 5000.948242032705
1497977177214 4997.450533319034 4994.01833041203 5000.64041035325
1497977180656 4997.1943673323185 4993.660331541141 5000.365526471642
1497977183792 4997.319855756848 4993.8961616299985 5000.468617119565
1497977187046 4997.249346181285 4993.726060993469 5000.295638397769
1497977190761 4997.357725860185 4993.87240328735 5000.424117402099
1497977194062 4997.645491022513 4994.227954347477 5000.665184519554
1497977198028 4997.295357373205 4993.928395527294 5000.198672234202
1497977201121 4997.428930968872 4994.158312091707 5000.37287190952
1497977204296 4997.665652334102 4994.20203113941 5000.576970473936
1497977207525 4997.5992122549305 4994.241580265687 5000.559898842051
1497977211068 4997.712274119762 4994.4268322509815 5000.654231545124
1497977214223 4997.6564609163 4994.445036900601 5000.498802050299
1497977217574 4997.657063175625 4994.515536758234 5000.567795362793
1497977220962 4997.5199874373575 4994.358170116953 5000.3269371158
1497977224325 4997.7159840386685 4994.455868951789 5000.5190750083775
1497977227932 4997.531029508214 4994.345288601012 5000.256302782532
1497977231624 4997.479751544001 4994.323284541585 5000.183072359916
1497977234887 4997.388442226055 4994.262888354162 5000.028321336955
1497977237731 4997.46340208043 4994.343203093006 5000.039271079295
1497977240592 4997.428728903399 4994.2645874077625 4999.9945293081455
1497977243634 4997.303628844491 4994.26289522161 5000.079281645271
1497977246537 4997.215850211989 4994.265151550686 4999.92844922873
1497977249065 4997.414603115715 4994.487674965539 4999.998014728878
1497977252055 4997.367717353876 4994.5347471570185 5000.076224797512
1497977255047 4997.537258496518 4994.658990789942 5000.128770368843
1497977257317 4997.666944699592 4994.690034971532 5000.202992818519
1497977259530 4997.464668283693 4994.554197119245 5000.026430079562
1497977262030 4997.47790440155 4994.594183589836 5000.027056091721
1497977264881 4997.44817670954 4994.7199313917745 4999.904654824339
1497977266760 4997.447038279608 4994.606958491088 4999.8506665069435
1497977268967 4997.578261444319 4997.578261444319 4997.578261444319
