1497976932981 4998.270378030319 4971.901970422295 5024.419584222194
1497976934720 4993.614104477612 4973.716441026181 5013.84008524218
1497976936628 4993.235548662451 4978.418432977943 5008.521807161638
1497976938514 4995.898915274113 4983.1508209158565 5008.905313845208
1497976941334 4993.481433469221 4981.863986661409 5005.62664150751
1497976943418 4993.916742038998 4983.331108142489 5005.218182600464
1497976945634 4993.931999910451 4983.812773970253 5004.750970953739
1497976948252 4995.369937221116 4985.753773153072 5005.39570618222
1497976950652 4995.147584997006 4986.159298048918 5004.856535412768
1497976952640 4996.142892476695 4987.966506035291 5005.548913936306
1497976955222 4994.8570925983295 4987.024423442796 5003.277398589016
1497976957799 4994.219360877607 4986.838361662274 5002.183363333637
1497976959970 4993.779162180199 4986.929183321041 5001.016676158225
1497976962668 4994.30940028503 4987.630190904444 5001.557161077593
1497976965165 4993.665116697576 4987.315031226709 5000.454842900859
1497976967916 4993.057366349663 4987.097727058745 4999.745784905889
1497976970465 4992.873824608985 4987.007841040911 4999.035093726661
1497976973329 4992.170506316024 4986.451746033879 4998.705016421055
1497976976196 4993.43917414022 4987.848304372212 4999.00074583396
1497976978978 4993.006055333811 4987.3516093706385 4998.818017412457
1497976982389 4991.592828290259 4986.078290800601 4997.3682811599765
1497976985293 4991.230288331354 4985.929591278615 4996.834547802174
1497976988206 4991.788925396047 4986.420296141117 4997.543281761109
1497976991092 4992.385173513684 4987.158960062037 4997.84210833518
1497976994312 4992.530527098621 4987.2681272748305 4997.7384610931185
1497976997072 4992.405633532546 4987.550362028484 4997.530142388893
1497977000097 4992.687381092139 4987.896795091745 4997.922123330611
1497977003306 4992.936213790399 4988.0524726497315 4998.155869395502
1497977005798 4993.285367504266 4988.3682062859825 4998.256311592032
1497977008695 4993.99206109253 4989.104465405446 4998.854994224671
1497977011806 4994.321075546686 4989.941261974966 4999.234404431293
1497977015154 4993.762223904729 4989.3517742667245 4998.544218465834
1497977018281 4994.143177969182 4989.973024728742 4998.790296502335
1497977021116 4994.106116995022 4989.886158049211 4998.686820604013
1497977023533 4994.970504379419 4990.760757029639 4999.511783302426
1497977025820 4995.608495750547 4991.377394179445 5000.236024871444
1497977028386 4995.187731922714 4991.123054686288 4999.6243598184
1497977031703 4995.056750404146 4990.9325470111025 4999.336385770314
1497977034726 4995.447941917014 4991.412919340147 4999.517008933608
1497977037256 4995.7922855409115 4991.839701641856 4999.88081994854
1497977039742 4996.574899410396 4992.569584049743 5000.591196627937
1497977042135 4996.6799897741985 4992.75457747923 5000.565975803659
1497977044901 4996.561072440889 4992.663543892781 5000.285581838056
1497977048179 4996.729772424653 4992.985329876666 5000.428919968576
1497977051680 4996.854952318775 4993.10201078076 5000.452623148606
1497977054265 4996.520955758891 4992.836699262977 5000.126483762275
1497977057411 4996.899975117764 4993.149696084195 5000.538444504344
1497977060489 4997.396924619949 4993.609221694186 5001.0358692988975
1497977063944 4997.586822302595 4993.754953832071 5001.184444246546
1497977066885 4997.485927781374 4993.764813927827 5001.198624977602
1497977070141 4997.136891925834 4993.143367806329 5000.697841485856
1497977073427 4996.98005777278 4993.305388949752 5000.50207420967
1497977076784 4997.25991642815 4993.709872771251 5000.978228977841
1497977079938 4997.156574974537 4993.503496224681 5000.677580734824
1497977082832 4996.975560726761 4993.398640837753 5000.62566539928
1497977085903 4996.787203080884 4993.292748195719 5000.27587533253
1497977089351 4996.915594865932 4993.419889170119 5000.387679026879
1497977092593 4996.847928685362 4993.459245868524 5000.229472769265
1497977095857 4996.979021280207 4993.7262983920045 5000.229624058672
1497977099039 4997.116827921705 4993.692213961031 5000.524262406439
1497977101763 4997.106032338839 4993.654945308735 5000.336780303127
1497977104859 4997.331722345153 4994.003064713318 5000.818474799765
1497977108515 4997.138899277241 4993.688187414232 5000.50770839301
1497977111695 4997.7270083787325 4994.241058401457 5001.11215371127
1497977114879 4997.792686200465 4994.540909785972 5000.93830795484
1497977118433 4998.0065531847395 4994.708499170552 5001.387997854183
1497977121781 4998.357128693534 4995.2214862829505 5001.702022081522
1497977125028 4998.316296612961 4994.943825944941 5001.588050927428
1497977128589 4998.019794954632 4994.915532007965 5001.1868687325
1497977131903 4997.762695276894 4994.749631741891 5001.025569192976
1497977135419 4997.648487790879 4994.498419940585 5000.776127364675
1497977139108 4997.577747463094 4994.479562334089 5000.632431075807
1497977142915 4997.5336965551005 4994.478423856378 5000.534669583279
1497977146610 4997.5408230123985 4994.512582113075 5000.671285112752
1497977149921 4997.680140407556 4994.726471531573 5000.831388790172
1497977153197 4997.865172698254 4994.928580454893 5000.983644841719
1497977156653 4997.947479922406 4995.005015666987 5000.936903418432
1497977160094 4998.0458924744935 4995.206988825155 5000.939196562887
1497977163420 4998.209775678202 4995.320992159417 5001.125807891361
1497977166923 4998.294443769256 4995.3668215419875 5001.208082475745
1497977170425 4998.297557156433 4995.416348602259 5001.245315547231
1497977173747 4998.327960916558 4995.437533180647 5001.24147373582
1497977177423 4998.058821660635 4995.209832954396 5000.917776738032
1497977180778 4998.051585021352 4995.177707756224 5000.756751000533
1497977184027 4998.083024950641 4995.1407872716845 5000.882265714483
1497977187198 4998.211234710256 4995.273500684994 5001.018669858334
1497977190855 4998.172107026121 4995.367235686857 5000.984267299584
1497977194235 4998.151807690799 4995.262663067621 5000.967960275121
1497977198163 4998.269283187671 4995.373389568167 5001.082463416023
1497977201442 4998.572529499021 4995.66520921682 5001.251713182943
1497977204296 4998.394160254001 4995.491088489874 5001.06258751745
1497977207526 4998.387814859172 4995.504011093852 5001.088769887178
1497977211068 4998.2180996447605 4995.433162099199 5000.920608748344
1497977214333 4997.964647862399 4995.075352945755 5000.576800984462
1497977217756 4998.023789994245 4995.136686612534 5000.55989221524
1497977221139 4997.937921688263 4995.103611098149 5000.465536040703
1497977224445 4997.792339061312 4994.999632687129 5000.2806294425955
1497977228081 4997.726133864894 4994.954165853921 5000.2023126278145
1497977231624 4997.529880411829 4994.660086815234 4999.955912742596
1497977234944 4997.578261444319 4997.578261444319 4997.578261444319
