1497976995373 4994.495586165722 4967.163943878531 5019.963285333333
1497976997712 4990.113665920478 4969.768441831524 5007.321571231219
1497977000180 4992.082555110221 4976.9157660078545 5007.98817767811
1497977003165 4996.535629194139 4982.97460140009 5009.798571324969
1497977005728 4996.421488695771 4983.915025156887 5008.601193977179
1497977008508 4997.416273522803 4985.957464260605 5008.932726606248
1497977011166 4996.4942460187585 4985.660921896037 5006.870301403662
1497977014236 5000.325078488542 4989.3193651891725 5009.981659676333
1497977017287 5002.430729088713 4992.5024438876035 5011.306171355019
1497977020263 5000.599936036842 4991.5079288651905 5009.012845397294
1497977023216 4999.197167870494 4990.136725832658 5007.460654623675
1497977025669 4998.864061107439 4990.324979316797 5006.67070796294
1497977028310 4998.307280441782 4990.079029844624 5005.651717918072
1497977031542 4996.623850331663 4989.010104349557 5004.1769620347995
1497977034533 4997.115123110057 4989.818370693073 5004.596813481418
1497977037031 4998.106498163387 4991.018071381145 5005.298237831763
1497977039588 4999.467774605173 4992.455615237506 5006.8817544947715
1497977042073 5000.262488955563 4993.447225371109 5006.769002134016
1497977044800 5000.835630002264 4994.410112711074 5007.129045724162
1497977047948 5001.030179301875 4995.1438038817205 5007.4427578116665
1497977051196 5000.842266778875 4994.8584323064815 5006.67184951692
1497977054168 5001.197266414561 4995.147341151691 5006.964062906367
1497977057197 4999.69101835833 4993.883686673005 5005.182171094671
1497977060321 4998.873778779608 4993.455655491635 5004.260013126742
1497977063520 4998.561189844464 4993.297829301343 5003.828703031876
1497977066744 4998.635126543144 4993.075587005605 5003.889344899471
1497977070134 4999.435141875017 4993.963335176455 5004.2732054092385
1497977073427 4998.571500759467 4993.284168159876 5003.351783291695
1497977076783 4997.935017250029 4992.6704826946925 5002.863145050107
1497977079956 4998.420841595347 4992.832176083836 5002.995684475479
1497977082832 4998.499241175332 4993.502519181206 5002.912990760124
1497977085903 4998.829239207238 4993.83847749918 5003.3044775733715
1497977089178 4998.64184765146 4993.91524116757 5002.92507527948
1497977092383 4998.987781312639 4994.477948030384 5003.4586145165
1497977095066 4999.298187552477 4994.562943767265 5003.717229246171
1497977097555 4998.610721309574 4993.98278122527 5003.011281575852
1497977100043 4998.869860935595 4994.184439038153 5003.167048338341
1497977102276 4998.8022510283845 4994.203079377905 5003.006439183246
1497977105121 4998.343710155434 4993.583209971391 5002.823881758187
1497977108394 4998.427075841909 4994.181634586113 5002.913436590775
1497977111694 4997.881212423333 4993.4002993017775 5002.170594563893
1497977114879 4998.229388411285 4993.81215804146 5002.624124419377
1497977118483 4998.344879640093 4994.082749645773 5002.544175058913
1497977121781 4998.164748372317 4993.790606916312 5002.204465113126
1497977125027 4997.9626947536835 4993.632893530027 5001.972758071441
1497977128682 4997.569974595397 4993.347920824739 5001.638920670751
1497977131903 4997.500002238759 4993.48359231951 5001.467722308013
1497977135418 4997.502269667646 4993.573481098362 5001.229346910229
1497977139150 4997.12279440047 4993.1609102278835 5000.842646498182
1497977142948 4996.952230544699 4992.953299284933 5000.603900821273
1497977146578 4996.881750509423 4992.861135002488 5000.452349807974
1497977149921 4996.840807164371 4992.828231123103 5000.2705807228
1497977153135 4997.072773361983 4993.366784111293 5000.505581442582
1497977156432 4996.796454150367 4993.062443446762 5000.156412534381
1497977159895 4996.8314906560545 4992.9841001372015 5000.120227567346
1497977163248 4996.946422955481 4992.928537190808 5000.230738166776
1497977166923 4997.241420210947 4993.156905783372 5000.409529118092
1497977170394 4997.493318789201 4993.371181143906 5000.784357034152
1497977173634 4997.877916180979 4993.665825692969 5001.150979188965
1497977177214 4997.705425592976 4993.545652018242 5000.813699735141
1497977180656 4998.103787075836 4994.210511058687 5001.293820026206
1497977183792 4998.120871002289 4994.325550908819 5001.110944221838
1497977187046 4998.25271274459 4994.5598506408905 5001.329369271179
1497977190761 4998.439918636956 4994.741039324288 5001.56116366634
1497977194062 4998.031495524078 4994.459687653926 5001.21022948223
1497977197966 4997.998876569796 4994.528961803155 5000.970394139814
1497977201407 4997.849887475627 4994.390520232972 5000.885858130606
1497977204296 4997.610859966807 4994.039843721918 5000.565966241307
1497977207526 4997.627990006996 4994.028694940953 5000.57393860372
1497977211069 4997.875792550278 4994.18557282188 5000.856320231152
1497977214388 4997.824402456506 4994.245425320396 5000.745754156113
1497977217665 4997.874490280006 4994.352798682656 5000.793000549005
1497977220961 4997.915127973488 4994.3549713569455 5000.768655236288
1497977224325 4998.025706581312 4994.582109440655 5000.883118330643
1497977227932 4997.965763549476 4994.627512026923 5000.8713541172565
1497977231624 4997.8700839345665 4994.543065614842 5000.61518609249
1497977234804 4997.907469674317 4994.576780683645 5000.79109632406
1497977237728 4997.928524094806 4994.673155996804 5000.697079138173
1497977240592 4998.11259880932 4995.022261748922 5000.89288719356
1497977243634 4998.05931248257 4995.078828281089 5000.768309797923
1497977246538 4998.140515397249 4995.049715437342 5000.762274970947
1497977249093 4998.0555516939785 4995.139903761616 5000.580679757568
1497977252083 4998.238484600186 4995.3281068201 5000.880566595895
1497977255047 4998.046330539009 4995.13301872032 5000.683775119496
1497977257379 4998.064874583992 4995.185370832557 5000.7272697309
1497977259589 4998.227945022173 4995.333143758449 5000.787849183265
1497977262098 4998.069634172837 4995.229159094671 5000.571286795144
1497977264947 4997.8236434439095 4995.011068403849 5000.305814205781
1497977266811 4997.85703743788 4994.904539368591 5000.316143018141
1497977268904 4997.96453988112 4995.110861170849 5000.418223160973
1497977270799 4998.142270893917 4995.293509066651 5000.586254026438
1497977273670 4997.740406617502 4994.894482750959 5000.197045640259
1497977276253 4997.710233869065 4994.880782415101 5000.171650481912
1497977277865 4997.581827947062 4994.735716773604 5000.042166905263
1497977279522 4997.616247461947 4994.743038298792 5000.000394452508
1497977281326 4997.581015082401 4994.72337221182 4999.941854270793
1497977283595 4997.514561516999 4994.604740808608 4999.858589389578
1497977285980 4997.315135486537 4994.570079738374 4999.63171771453
1497977288205 4997.773317907924 4994.947932411189 5000.135086782985
1497977290395 4997.578261444319 4997.578261444319 4997.578261444319
