1497976951762 5009.202064141931 4981.602699555824 5035.835639638151
1497976953923 5016.34768053053 4995.435642283435 5034.0813592253735
1497976955886 5010.410006496894 4995.277504172388 5024.848083119535
1497976958193 5005.506935115887 4992.720278973395 5018.442648944979
1497976960419 5003.213521189224 4991.571109564534 5014.201236172412
1497976962735 5002.5153606023605 4991.7030881167975 5012.840794115665
1497976965320 5001.441112900939 4990.924099848935 5011.1629535540405
1497976968057 4999.611790143765 4990.163448663573 5008.6598401164365
1497976970465 4999.122640807435 4989.904429831541 5007.615702509859
1497976973415 4998.539386405747 4989.945765917076 5006.527623553002
1497976976483 4999.986086567541 4991.564009437951 5008.210941283425
1497976979255 5000.528620705977 4993.0260128114505 5008.267189314738
1497976982551 4999.991948624025 4992.79174573014 5007.293478378433
1497976985293 4998.774492385164 4991.461585582537 5005.724471459719
1497976987970 4997.902835213163 4990.696013013467 5004.64798244738
1497976990911 4997.463671009472 4990.984604755543 5004.0342031519485
1497976994128 4998.188210039193 4992.101338994713 5004.4951755861275
1497976996893 4997.445779613155 4991.310185751251 5003.6846575735735
1497976999828 4996.582229810853 4990.726341223015 5002.810921902898
1497977003020 4997.474276174251 4991.888389587629 5003.564784459215
1497977005794 4996.538482728976 4991.242842484918 5002.838028458588
1497977008641 4996.96093645057 4991.403625848259 5003.082421632943
1497977011709 4996.789685544192 4991.378007750798 5002.591518555914
1497977015123 4996.489539601755 4991.329205772829 5001.829062592501
1497977018281 4996.160590117124 4991.184479143537 5001.275650674206
1497977021583 4995.358374230101 4990.182641898847 5000.549040250554
1497977024197 4995.411278296486 4990.025500136418 5000.626256141152
1497977026810 4995.949178594525 4990.717461918516 5000.92664363577
1497977029335 4995.769332292277 4990.816250798665 5000.251803263859
1497977031965 4996.37675050319 4991.301251614901 5001.0051281125025
1497977034965 4996.558808817559 4991.63041693548 5001.1390566348455
1497977038149 4996.2156536441735 4991.336334059866 5000.693175480854
1497977041228 4995.751130838705 4991.046358465832 5000.0735571255145
1497977044029 4996.336085804786 4991.589992588223 5000.479398131005
1497977047579 4995.86880352778 4991.435860759423 5000.003460629524
1497977051161 4995.929626741736 4991.522801642513 4999.990505054747
1497977054168 4996.150105531541 4991.734554169595 5000.42727653214
1497977057214 4996.508250937672 4992.024335039973 5000.755500756395
1497977060411 4996.83079674215 4992.717014492392 5001.007064248845
1497977063614 4996.614510688562 4992.362760256261 5000.77388677122
1497977066976 4997.094676766602 4992.851395257654 5001.103336345743
1497977070327 4997.094955207434 4992.8912511772705 5000.898650559307
1497977073528 4996.436609201553 4992.388169281139 5000.24341342924
1497977076817 4996.62918976799 4992.698726687779 5000.547511769618
1497977080029 4996.685043422898 4992.667654286111 5000.537005114473
1497977083009 4996.60380578091 4992.536692077524 5000.471018587342
1497977086047 4996.46715191042 4992.2895529924745 5000.2708708753635
1497977089439 4996.365003445617 4992.235726402271 4999.990088409535
1497977092657 4996.202745490529 4992.085432302308 4999.794497108201
1497977095822 4996.02107580732 4992.119305399386 4999.6857205126835
1497977099022 4995.944051163798 4991.978818642699 4999.704548735365
1497977101689 4996.301263061206 4992.347409498594 4999.9413442002815
1497977104835 4996.631340390827 4992.699417099242 5000.256790825134
1497977108600 4996.639707696267 4992.693109465234 5000.146221672768
1497977111723 4996.803797601952 4992.824259531875 5000.21559745276
1497977114879 4996.837955833041 4993.00340796233 5000.182844656797
1497977118639 4997.128248597087 4993.297083590407 5000.422824656878
1497977121882 4997.414329454207 4993.595071852079 5000.7619085252445
1497977125237 4997.323112943541 4993.546468429599 5000.725089655885
1497977128614 4997.183142625285 4993.672444068037 5000.5470232593025
1497977131903 4997.422096377682 4993.882186049769 5000.595053926417
1497977135418 4997.248140173093 4993.614222781896 5000.485894472484
1497977139479 4997.259221235889 4993.769965058241 5000.528790449349
1497977143147 4997.243616288861 4993.6569116972005 5000.560448495531
1497977146833 4997.4041329973925 4993.671278605055 5000.4936872465505
1497977150024 4997.501196135013 4993.956501817173 5000.664378730816
1497977153215 4997.469662697114 4993.989264408488 5000.627057451723
1497977156574 4997.223069609801 4993.716645650655 5000.378783008888
1497977159915 4997.186665557951 4993.597941917239 5000.2704282815175
1497977163505 4997.258260886622 4993.767208432327 5000.330272397826
1497977167132 4997.328419369805 4993.951233616202 5000.270562463699
1497977170590 4997.39420540275 4993.965264344239 5000.3477457030385
1497977173824 4997.259366111597 4993.832795649916 5000.280956059263
1497977177329 4996.934429826198 4993.593126357502 5000.040659565444
1497977180690 4997.160246834717 4993.951754381299 5000.1497739372135
1497977183792 4997.211067556057 4994.037408067638 5000.19301690402
1497977187046 4997.173066274636 4993.998398437359 5000.115757667238
1497977190761 4997.296679838375 4994.319512558065 5000.162031878997
1497977194063 4997.4322626438325 4994.390648922613 5000.302961032374
1497977198251 4997.506030148611 4994.469505150151 5000.316379065402
1497977201506 4997.621425659518 4994.651029726907 5000.501058237462
1497977204296 4997.446532936554 4994.5275925983 5000.304639805542
1497977207575 4997.3716755968435 4994.2745069471985 5000.28647947006
1497977211068 4997.337089192669 4994.391722902899 5000.306414576894
1497977214223 4997.301914570845 4994.385328993545 5000.115970756363
1497977217575 4997.3645249300225 4994.355014001398 5000.246821720968
1497977220963 4997.3945308418915 4994.386234248688 5000.224054062045
1497977224325 4997.206353666964 4994.171595557197 5000.034551096294
1497977227977 4997.30807152027 4994.397670850005 5000.16407549645
1497977231994 4997.17155944348 4994.19665315348 5000.021032495005
1497977234984 4997.386494473441 4994.6019076274015 5000.209689585047
1497977237728 4997.39658193828 4994.443519333446 5000.16710309538
1497977240527 4997.4436180449375 4994.636592677732 5000.22824212268
1497977243668 4997.410877079193 4994.585382006743 5000.104748703319
1497977246538 4997.355457666148 4994.442605999026 5000.020590446176
1497977249166 4997.246961308886 4994.244394351049 4999.904468051884
1497977252164 4997.445082763799 4994.485447286585 5000.102966918611
1497977255201 4997.390626815659 4994.516874610817 4999.870417931206
1497977257466 4997.551820900894 4994.8077143767105 4999.9674253257845
1497977259659 4997.578261444319 4997.578261444319 4997.578261444319
