1497976941981 5025.04912056284 4997.666757682048 5051.2422621976
1497976944034 5013.483796691114 4993.878208466632 5030.513375137235
1497976946263 5007.700593979192 4992.2991110374405 5021.547184725898
1497976948425 5002.054350375234 4987.365853399978 5014.090854896401
1497976950843 4998.278412894698 4984.517573740368 5009.584602962113
1497976952993 4995.25354888228 4983.4326786680385 5004.931124256585
1497976955380 4994.801079370142 4983.801408050654 5003.62036338094
1497976957915 4993.480007087024 4983.631341472565 5002.90416207689
1497976960138 4992.842094075135 4983.472792908286 5001.944252192901
1497976962636 4992.9198351459745 4983.995036177556 5001.516499445208
1497976965191 4990.070563264819 4981.893818006886 4998.104248442788
1497976967916 4991.527330778375 4984.071601544535 4999.052740131037
1497976970252 4990.30194832884 4982.711114794705 4997.77451877275
1497976973267 4991.5242448044255 4984.080248710732 4998.664765976454
1497976976314 4991.715921069464 4984.575625037447 4998.826711929587
1497976979117 4991.821194022722 4985.090047496363 4998.771069064094
1497976982486 4993.299000862873 4986.789764092193 4999.935234520906
1497976985355 4994.6033381142925 4988.2059128112105 5000.745666607161
1497976987982 4994.354821927867 4988.566933623821 5000.3028206942145
1497976990982 4993.8517187524985 4987.9654370158 5000.085068524187
1497976994152 4993.9238936804 4988.410574551368 4999.672436621945
1497976996892 4993.477487852046 4987.872556097601 4999.424469225368
1497977000005 4994.045773825058 4988.674924518553 4999.6487393741945
1497977003020 4994.287248829286 4989.016346659958 4999.823324592756
1497977005794 4993.968049902944 4988.47420963651 4999.350943115539
1497977008642 4994.457606342615 4989.348007985939 4999.885146544675
1497977011849 4994.03790875928 4989.072687919118 4999.50757853614
1497977015123 4994.336232021258 4989.568864545235 4999.515194197773
1497977018260 4995.182020621951 4990.313877835828 5000.296525987881
1497977020989 4996.2078385091845 4991.506099150659 5001.511642990681
1497977023713 4996.751020140988 4992.124648167284 5001.954458551661
1497977025953 4996.528848353687 4991.9307683367415 5001.639921858877
1497977028555 4996.830749795044 4992.371113143538 5001.5995566383235
1497977031938 4996.260676760007 4991.792761346869 5001.040496533991
1497977034965 4996.775432149096 4992.561202154214 5001.383303248828
1497977038066 4997.185176838125 4992.875118631121 5001.726682295399
1497977041313 4997.511639891703 4993.293429080081 5002.016754996171
1497977044275 4997.693322780566 4993.484989614187 5002.0615193507665
1497977047663 4997.496344195702 4993.362615626063 5001.782103558668
1497977051160 4997.518735721268 4993.247802049251 5001.648392367172
1497977054168 4997.415283496346 4993.28524641823 5001.523364235741
1497977057197 4997.151239783077 4993.106544130258 5001.128535801025
1497977060321 4996.893685721426 4992.686692215169 5000.843936888787
1497977063530 4996.774445965366 4992.590069801886 5000.845683697331
1497977066795 4997.244752799502 4993.000777364554 5001.22506695553
1497977070307 4997.252547385963 4993.1804168191875 5001.078512414156
1497977073462 4996.697968788779 4992.41022267713 5000.656011644299
1497977076784 4996.9961416749 4992.9147677561305 5000.858720535306
1497977079938 4996.704473833909 4992.789058382588 5000.465879230372
1497977082832 4996.996183031954 4992.996474791975 5000.446328083133
1497977085903 4996.99722265576 4992.994639138956 5000.6244936930325
1497977089178 4996.993773456413 4993.078669578087 5000.5499314051185
1497977092326 4996.794436549522 4992.908925142737 5000.362629809301
1497977095249 4996.802249006944 4993.034565068173 5000.2444468152435
1497977097870 4996.7089805441765 4992.98990702565 5000.091424822057
1497977100538 4996.583172976158 4992.819053071508 5000.043623835301
1497977102850 4996.377964356929 4992.676144553792 4999.9053346373
1497977105667 4996.065095143813 4992.379452832666 4999.504182837762
1497977108743 4995.881797424216 4992.26020691323 4999.30596887858
1497977111793 4995.90059334021 4992.275528768453 4999.279218364524
1497977114899 4995.942994996654 4992.144477434131 4999.316763477617
1497977118484 4995.988518932238 4992.339019909033 4999.339913260222
1497977121662 4996.029351593761 4992.503422000844 4999.317655590511
1497977124912 4996.079172440379 4992.501743122946 4999.273009013816
1497977128475 4996.547383662606 4992.951668933482 4999.876677112593
1497977131718 4996.890943957507 4993.25115319883 5000.036374671555
1497977135358 4996.514526112717 4992.999062303189 4999.573923935298
1497977139108 4996.756116469581 4993.278985521107 4999.768162055165
1497977142748 4996.800767877337 4993.333847518299 4999.788047384712
1497977146577 4996.862169198849 4993.5549415394735 4999.872808035476
1497977149940 4997.0544890184665 4993.743115422414 5000.018633317953
1497977153277 4997.130541612492 4993.9527090449965 5000.23665605671
1497977156697 4996.994376026098 4993.866611878618 5000.010661746149
1497977159996 4996.912369395332 4993.686595727809 4999.91455295094
1497977163249 4997.072182194681 4993.890659454781 5000.124390777943
1497977167046 4996.989663344424 4993.90910439353 5000.068379667314
1497977170391 4997.107649051376 4994.124909419713 4999.9367046080715
1497977173634 4997.211604980441 4994.212128559304 4999.976248580029
1497977177214 4997.470640359974 4994.451901821223 5000.216151721292
1497977180829 4997.551228310173 4994.633190781377 5000.223842761302
1497977183881 4997.852252474303 4994.895562703236 5000.4966212460295
1497977187332 4997.92371356511 4995.072710609287 5000.655062639915
1497977190925 4998.0792353431825 4995.100045842771 5000.73590510149
1497977194099 4997.979174657785 4995.019156726619 5000.654008270254
1497977198369 4997.715411003227 4994.82835045885 5000.422076050485
1497977201613 4997.750044668538 4994.810582085576 5000.441811769293
1497977204543 4997.771658776301 4994.798572868181 5000.5254160275335
1497977207667 4997.605671307648 4994.726541769083 5000.271700700386
1497977211206 4997.655225394107 4994.714834137635 5000.287621199209
1497977214222 4997.5865135522035 4994.702232113801 5000.148730120843
1497977217608 4997.637535412487 4994.736725694621 5000.1344429195815
1497977221062 4997.523680081432 4994.586479877449 5000.01249559803
1497977224359 4997.569959514584 4994.6158887594975 5000.093043931018
1497977227932 4997.413032975074 4994.390546557565 4999.832654275118
1497977231624 4997.389521581324 4994.499191100559 4999.908359476151
1497977234735 4997.661361866675 4994.743822134968 5000.144736172879
1497977237728 4997.721216625879 4994.847995425401 5000.144900958965
1497977240633 4997.9006880676725 4995.047303334007 5000.413278569277
1497977243634 4997.747425320324 4994.9978292552005 5000.126941562062
1497977246742 4997.578261444319 4997.578261444319 4997.578261444319
