1497976970987 5014.668528903768 4991.469895678092 5041.3323293598605
1497976973461 5013.327437685239 4996.528252075793 5031.235080588191
1497976976392 5006.958351004161 4991.389833365174 5020.797228834062
1497976979202 5001.383169599309 4988.973972368365 5013.524123103917
1497976982389 4999.91351570329 4988.64088792646 5011.067481354631
1497976984989 5000.487449203676 4989.759836989313 5010.928136892115
1497976987490 4999.463678429562 4989.80941981647 5008.713880834569
1497976990553 4993.666459780815 4984.462808468021 5002.309072591256
1497976993688 4991.6107707061965 4983.184737150293 4999.820265711944
1497976996420 4992.11344863906 4984.367557023512 5000.177420660277
1497976998906 4991.9059159432945 4984.30252134022 4999.384570452088
1497977001455 4993.198971619101 4986.051280816217 5000.185077832639
1497977003718 4994.660227507024 4987.753205519573 5001.08033107461
1497977006056 4994.834609485171 4988.186986947423 5001.262410074973
1497977008760 4994.938545403917 4988.318937612866 5001.326194209685
1497977011781 4994.3264958536965 4987.878554622739 5000.302101104798
1497977015123 4994.885459225337 4988.674033743744 5000.8660920483835
1497977018281 4994.378411092723 4988.477809918783 5000.31294883779
1497977021496 4995.541816531902 4989.406768218688 5001.480841230404
1497977024125 4995.529429198285 4989.179535187134 5001.000482446454
1497977026888 4996.670252596432 4990.854944906214 5002.049367510248
1497977029357 4996.319433502321 4990.36547716739 5001.920586298409
1497977032070 4996.31469734428 4990.4344124772215 5001.787711176948
1497977034984 4995.528318457461 4990.077497983882 5001.099486686888
1497977038066 4995.732237617547 4990.628468208466 5000.825819423255
1497977041228 4995.146435658617 4989.848112395382 5000.200994113511
1497977044009 4995.589140280369 4990.55151437486 5000.24214349823
1497977047382 4995.558540192925 4990.5552911195055 5000.0558579649205
1497977050931 4995.686564179105 4990.901134964056 5000.407958765445
1497977053927 4995.530364331034 4990.801923290984 5000.338167442915
1497977056876 4996.076759176854 4991.517958850952 5000.758853952066
1497977059772 4995.6051561554505 4991.071500069354 5000.252713814812
1497977062212 4995.72209674197 4991.473821131678 5000.334860816431
1497977064619 4995.707303780697 4991.5000268748845 5000.097083801752
1497977067458 4995.703965529998 4991.396222053868 4999.951931680512
1497977070924 4995.817391760454 4991.289182459612 5000.262087242747
1497977073616 4995.511076905823 4991.213134453402 4999.833251356545
1497977076964 4995.487491002102 4991.345551245743 4999.65837243232
1497977079967 4995.239753006923 4990.941131492437 4999.337603184773
1497977082921 4995.667189407306 4991.616520206052 4999.750822080194
1497977085948 4995.501765022951 4991.633583367594 4999.488268553424
1497977089178 4995.129133613149 4991.035004696317 4999.013057873588
1497977092555 4994.617394637992 4990.674788073601 4998.491434453395
1497977095910 4994.863709236364 4990.889167792183 4998.742470926026
1497977099508 4994.757637371623 4990.7099324464725 4998.783810768531
1497977101969 4995.343408283343 4991.431180128455 4999.1982801238655
1497977105024 4995.340226322598 4991.467396725145 4999.40211948423
1497977108393 4995.599661581216 4991.755379487723 4999.571131361801
1497977111694 4995.980159043216 4992.0418823408545 4999.793208748385
1497977115072 4996.402705822602 4992.7605526006055 5000.27640098072
1497977118691 4996.574346618621 4993.049933111515 5000.537183320402
1497977121952 4996.452004825552 4992.956486985595 5000.297111070118
1497977125132 4996.628359984068 4993.333362568417 5000.323666316377
1497977128759 4996.594265352652 4993.190649846707 5000.0504519114975
1497977131946 4996.4239835327735 4993.128814157237 4999.880790510113
1497977135419 4996.398846237821 4993.0711755014245 4999.97869610602
1497977139108 4996.591464483321 4993.1931224561395 4999.999364401064
1497977142915 4996.275550941544 4992.920137183711 4999.750707855632
1497977146577 4996.499845204605 4993.09229448151 4999.836110040318
1497977149921 4996.53295781663 4993.220957746698 4999.836154985055
1497977153197 4996.693933992457 4993.37729317129 5000.035559512534
1497977156541 4996.563183746729 4993.356040460076 4999.878136115611
1497977159895 4996.741413833004 4993.587989935637 5000.115670941169
1497977163248 4996.749375169241 4993.618153491552 5000.054783874557
1497977166922 4996.514902044984 4993.354914024034 4999.78299313877
1497977170391 4996.684965276734 4993.576999948599 4999.926071011549
1497977173634 4996.708446168742 4993.537975913413 4999.932841159568
1497977177214 4996.938881743797 4993.828794608729 5000.032338630533
1497977180656 4996.681381875106 4993.656270138068 4999.744202424917
1497977183792 4996.165910426898 4993.129973634857 4999.211144839002
1497977187046 4996.068069264974 4993.080388171721 4999.071803606585
1497977190761 4996.397580271004 4993.4037154671505 4999.398711155773
1497977194062 4996.29365845754 4993.287073632745 4999.2652771368585
1497977198097 4996.309765874778 4993.364286283209 4999.157773668344
1497977201407 4996.615486450182 4993.7254550591415 4999.531083203451
1497977204322 4996.786127937915 4993.928128352797 4999.708307617569
1497977207525 4996.744014398024 4993.975401204667 4999.752684995828
1497977211105 4996.886084634515 4994.114088213415 4999.92076359783
1497977214221 4997.241189092932 4994.39942182296 5000.07825768867
1497977217574 4997.255435673712 4994.489662107712 5000.0786494548665
1497977220962 4997.3951243059555 4994.497303708665 5000.283895800201
1497977224325 4997.378070408853 4994.504905063325 5000.331187322079
1497977227932 4996.961712215938 4994.095321744927 4999.829442965935
1497977231624 4996.842697127516 4993.983766659187 4999.6940836416825
1497977235044 4997.034518733219 4994.161524010276 4999.7089232745175
1497977237790 4997.089989258184 4994.259105325623 4999.706369648718
1497977240591 4996.918540639277 4994.126254793804 4999.539464093829
1497977243634 4997.064280897135 4994.209158754072 4999.538184664004
1497977246538 4997.250747105605 4994.459172417966 4999.686661813844
1497977249064 4997.250489648617 4994.445713406357 4999.662889863495
1497977252056 4997.328607994917 4994.5372953833075 4999.858931437487
1497977255088 4997.410694342516 4994.555470161684 4999.934314304525
1497977257292 4997.44184000145 4994.588683546568 5000.0151332881305
1497977259501 4997.454806254953 4994.50320671057 5000.06055159225
1497977261941 4997.519954662015 4994.685821493549 5000.068063230178
1497977264732 4997.6737923127885 4994.729670570788 5000.207975230398
1497977266663 4997.725859748593 4994.858910031218 5000.162896630468
1497977268811 4997.7683034945185 4994.91831326274 5000.222494779614
1497977270724 4997.629966028378 4994.850268416501 4999.973688643099
1497977273702 4997.578261444319 4997.578261444319 4997.578261444319
