1497897395220 5034.686016732116 5002.092789115646 5067.727075729927
1497897395736 5002.616812856137 4982.477334221371 5029.68998162499
1497897396613 5000.207469056765 4983.365884346591 5019.128637505608
1497897397241 5003.413240864231 4990.362114105549 5024.15453291311
1497897397918 4998.755446474304 4987.25090874847 5015.669271656104
1497897398555 4998.609617246201 4987.032121524644 5014.462294594532
1497897399119 4995.946356686163 4983.383562356527 5009.08730047004
1497897399643 4997.538304432784 4986.623480916683 5011.258676938672
1497897400167 4999.774976929532 4988.052375757644 5011.673943691954
1497897400561 4999.733827628451 4987.729829420281 5011.494143973361
1497897401018 5002.272369154061 4991.462016335727 5012.789352044294
1497897401591 5000.434702577268 4988.0699611751525 5011.444772817472
1497897402064 5000.396083530517 4989.862337850005 5010.7035493049125
1497897402533 5000.203089141304 4989.699179204634 5009.490535095492
1497897402989 5000.642282177161 4991.693218933856 5009.322947127182
1497897403627 4999.899904421662 4990.173317604484 5008.065504347356
1497897404234 4998.671785261487 4990.047796050012 5007.352812631502
1497897405551 5000.110699983907 4990.82411930167 5008.645948232555
1497897406244 4999.241721300208 4990.64783608812 5007.96268512918
1497897406735 4999.628066206366 4989.998546702607 5007.944225904636
1497897407144 4999.074508953572 4990.504703524241 5007.166457585123
1497897407600 4998.622801625779 4989.97078870264 5006.470037177634
1497897408034 4998.111711164116 4990.334554527143 5006.1621091446395
1497897408486 4999.384256502522 4991.902170095156 5006.320168838062
1497897408937 4999.123471271079 4992.459804495383 5006.08604658446
1497897409490 5000.379876342698 4994.018693853083 5007.342027651327
1497897410257 5001.953576530919 4995.370190660644 5008.533635137194
1497897410888 5002.7158040044105 4995.80146062173 5009.370046997303
1497897411608 5002.278981102696 4995.306924967244 5009.389302090025
1497897412344 5002.835605258665 4996.079432671613 5009.463499019055
1497897413344 5002.9575168378515 4996.001995504938 5009.914281084069
1497897413932 5002.613631600536 4995.988728116128 5009.809957697687
1497897414468 5002.012622952569 4995.203451716691 5008.756218127558
1497897414990 5003.006797883851 4996.484232808972 5009.313056558045
1497897415477 5001.9534133628795 4995.283956919178 5008.783518981316
1497897416175 5002.132995634933 4995.632727036972 5009.142604406111
1497897416987 5000.970408670221 4994.382427987607 5007.3289643697435
1497897417602 4999.991761146226 4993.948048333824 5005.91802344483
1497897418118 4999.289173617108 4993.023926742812 5005.161826462804
1497897418585 4998.197596847014 4992.472741818926 5003.747223620823
1497897419289 4998.33526013041 4992.796868247483 5003.644211087328
1497897419844 4998.475494359626 4992.893706770908 5003.805470748373
1497897420651 4997.721209244796 4992.159204693411 5003.292550725976
1497897421484 4997.7060146130325 4991.970885012205 5003.361102053221
1497897422386 4997.71978808284 4992.154658619218 5003.19636346855
1497897423311 4997.75098644184 4992.277292559973 5002.984358322481
1497897424000 4998.040993482374 4993.09004715235 5003.214666458139
1497897424568 4997.9681857951955 4992.956184995721 5003.084382056986
1497897425263 4997.791018390873 4992.689168151251 5002.709272024154
1497897426379 4997.862734972113 4992.769983964814 5003.162038124273
1497897427445 4998.073069217854 4993.13527567171 5002.986839082912
1497897428476 4998.3899378719225 4992.942084483421 5003.273649157134
1497897429579 4998.749359494988 4993.107166969242 5003.5072327517955
1497897430300 4998.664649812555 4993.106373312712 5003.4137990517065
1497897430898 4998.4585920361915 4993.119084834931 5002.988252330446
1497897431498 4997.87285606005 4992.140535996209 5002.187670713915
1497897432681 4997.1272942450805 4991.333673110644 5001.595069136759
1497897433971 4996.899108841212 4991.359792518503 5001.346977268229
1497897435056 4996.652036824201 4991.470172810904 5000.798539586833
1497897435894 4996.253411479917 4990.826783300616 5000.290513429386
1497897436617 4996.084632078511 4990.347545333643 5000.362112896777
1497897437447 4996.068512005285 4990.570821581707 5000.190722405291
1497897438788 4995.514606058718 4990.112798678634 4999.098729229032
1497897439646 4995.292866486421 4989.962562659788 4999.200009098945
1497897440450 4995.404482297689 4990.119685287495 4999.609748046337
1497897441416 4995.583825846619 4989.97466730028 4999.680219400406
1497897442678 4995.38859473841 4990.12710918771 4999.575061656288
1497897444132 4995.754038121178 4990.782534851556 4999.974636547112
1497897445162 4996.266306804142 4990.76034711146 5000.456140680948
1497897446095 4995.96729418292 4991.009650310009 5000.392969409061
1497897447405 4995.690223299052 4990.409405372287 4999.832914099487
1497897448602 4995.88953789358 4990.793790570917 5000.044138556456
1497897449491 4995.870026798027 4990.980798264956 4999.882168320666
1497897450509 4996.231440296972 4991.250617309831 5000.587966754252
1497897451928 4995.868975350856 4990.874399860265 5000.07291776685
1497897453480 4996.1711205458005 4991.028762701598 5000.189762363034
1497897454554 4996.535407524755 4991.7901078175655 5000.409710242617
1497897455630 4996.68429913889 4991.803611856448 5000.297257253355
1497897457164 4996.830989684359 4991.7628148634685 5000.773738086682
1497897458293 4996.7841300176515 4991.536787579249 5000.574916398442
1497897459474 4996.35506526108 4991.077662313274 5000.251106921798
1497897461266 4996.658271763215 4991.6124168152255 5000.665230698688
1497897463075 4996.7118995114615 4991.874888525727 5000.533177943653
1497897464311 4996.995767992434 4992.4598701863615 5000.565424056947
1497897466052 4997.081947699877 4992.502069255113 5000.726655476708
1497897467406 4997.2045536992355 4992.828450901012 5000.865473487711
1497897468847 4997.4753979140405 4993.23281117429 5001.100862925049
1497897470816 4997.661157716116 4993.282707791661 5001.026433250756
1497897472700 4997.488797670079 4993.1426401396575 5000.692012074775
1497897474213 4997.520991511209 4993.171680661508 5000.717641058182
1497897476346 4997.969911979555 4993.441009075179 5001.171300432643
1497897477864 4997.510035359668 4993.04010833241 5000.775839913375
1497897479619 4997.306946797146 4993.03490749619 5000.4995662753545
1497897482056 4997.367908583877 4993.002262901219 5000.683672387445
1497897483730 4997.362842029609 4992.89021264696 5000.699562480009
1497897485592 4997.656089847551 4993.23209674691 5000.860714456768
1497897488025 4997.771016543842 4993.4892786051305 5000.948682012305
1497897489849 4997.650648385098 4993.247871010256 5000.80101667622
1497897491458 4997.756482017739 4993.604743872054 5000.8215220021975
1497897493505 4997.577122127142 4997.577122127142 4997.577122127142
