1497897443421 4977.279230473915 4942.731256721462 5012.301881014873
1497897444383 4980.613947536788 4947.150023116043 5000.788579550582
1497897445190 4970.158594677126 4945.134822089252 4987.363623464538
1497897446031 4967.081116836838 4947.902805690976 4981.8849590429545
1497897447341 4972.91548610637 4954.700437835457 4986.920205307749
1497897448555 4979.574727864275 4962.8797241520715 4992.972320759202
1497897449340 4980.462550602968 4963.037377279663 4992.193920426555
1497897450350 4982.463849937581 4966.70134170215 4994.301346252469
1497897451416 4984.713506234648 4971.389546228083 4993.58513643811
1497897452118 4987.813806995681 4975.478831147989 4995.402645826311
1497897453525 4989.522821146435 4978.477114307036 4997.4923951651845
1497897454514 4989.4056975373605 4979.82745319675 4998.078127255238
1497897455534 4988.17661034599 4978.095729511169 4995.57083021494
1497897457111 4991.049206263174 4980.589860611511 4998.877833306577
1497897458067 4991.64203846121 4981.2527043680675 4999.756585056675
1497897459040 4992.986577424687 4983.216733853103 5000.851937536148
1497897459636 4991.9987622515755 4982.335580489792 4999.524760736812
1497897461382 4992.9195833552085 4983.535792606516 4999.593599647263
1497897463066 4992.294434157722 4982.937420361948 4999.5786123825355
1497897464311 4993.690715114989 4984.96708581584 5001.233360131744
1497897466049 4994.798251949132 4986.266183978096 5001.720038503416
1497897467253 4996.090640537906 4987.396079248794 5003.448233205162
1497897467952 4996.176305331104 4987.988006733193 5003.200058264404
1497897468943 4996.536663962089 4988.917112049153 5004.978773716406
1497897470800 4996.205495308466 4989.333359282952 5004.308535274359
1497897472678 4996.499957531391 4989.696598021583 5003.738738242155
1497897474130 4996.796391628271 4989.558403143216 5003.598879547349
1497897476144 4996.6231857087305 4989.178951078772 5003.566865234746
1497897477769 4995.795672411034 4989.087376246442 5002.575124633577
1497897479256 4995.1428836051555 4989.18745364947 5002.124736907618
1497897479924 4995.285979768662 4989.575032569085 5001.554088293339
1497897482202 4995.375878935844 4989.798304841192 5001.343874205031
1497897483708 4995.601970088427 4990.057671801641 5001.690404403741
1497897485521 4995.630147709743 4989.555784707685 5001.399420361438
1497897487772 4996.483979095225 4990.605831093676 5002.2705072445315
1497897489555 4996.259850115201 4990.64563122679 5001.634813359846
1497897490270 4995.78836671908 4989.603285473833 5001.673948529718
1497897491443 4995.742998454511 4989.575829154173 5000.960541636103
1497897493323 4995.663554928048 4989.658627182103 5000.843032538238
1497897494358 4995.521761213523 4989.390450698664 5000.462386263647
1497897495736 4994.993497874026 4989.0021817054885 4999.953783927621
1497897497147 4994.802037868693 4988.778186245613 5000.2824494338965
1497897498301 4994.749789581331 4988.8110384745305 5000.348668967512
1497897498821 4994.689709038203 4988.340706006169 5001.485420887073
1497897500020 4995.316053511706 4989.169578227707 5001.81428832707
1497897501942 4995.242385558233 4989.185169091401 5001.654216491448
1497897503070 4994.932283519681 4988.856344172465 5001.244601223406
1497897504140 4994.953280876414 4989.1223663779765 5001.658354776543
1497897505759 4994.70801287906 4988.75998551908 5001.867242406584
1497897507230 4994.494720066649 4988.456368302085 5001.90160509692
1497897508284 4994.945332839391 4988.672999083428 5001.691994524619
1497897509165 4994.8749751928135 4989.039875956273 5000.590079633904
1497897510654 4995.169382686754 4989.120227563457 5000.627950980743
1497897512053 4995.221940632936 4989.7504510229855 4999.85317435202
1497897513020 4995.48863977315 4990.21051422534 4999.604312775294
1497897514081 4995.849690106894 4990.748173617151 5000.058492995285
1497897515509 4995.468976934735 4990.258273463516 4999.739467831684
1497897516665 4994.860363826637 4990.1292593117 4999.155089952737
1497897517749 4995.16268603207 4990.202018701725 4999.264774538282
1497897518839 4995.2804395664425 4990.4661535943405 4999.594887642564
1497897520456 4995.315237840781 4990.331007004333 4999.503385803741
1497897521963 4995.364979647618 4990.63913689439 5000.115141387262
1497897523058 4995.260739703752 4990.610769863605 4999.670969140636
1497897524068 4996.163481106016 4991.405325843529 5000.81662905128
1497897525636 4996.077458233263 4991.404418741208 5001.203459791839
1497897526659 4996.3305426954785 4991.610880165045 5001.296435269638
1497897527476 4996.3653830969315 4992.1274580639765 5000.980786203593
1497897528394 4996.42362512767 4992.181207690766 5000.996273082257
1497897529407 4996.182851404131 4991.975587822176 5000.302345658128
1497897530854 4996.494322183136 4992.359266659626 5000.574009893557
1497897532160 4996.681875956049 4992.462093568487 5000.702318102334
1497897533045 4996.534908048881 4992.532261795108 5000.602929749687
1497897533937 4996.7100661722525 4992.28685436351 5000.902248255559
1497897535076 4996.413905545035 4991.680663518948 5000.543773545778
1497897536403 4996.362575240943 4991.734709475625 5000.275142384578
1497897537781 4996.648685399962 4992.2048141570785 5000.366554180492
1497897539393 4996.687116865535 4992.384825979826 5000.424061537468
1497897540194 4997.041976170681 4992.79994913979 5001.068894878262
1497897541000 4997.248681498642 4993.037629732389 5001.0639615091
1497897541749 4996.998881776934 4992.951508061192 5001.169447577727
1497897542764 4996.815870589179 4992.518191242248 5000.986550916404
1497897543909 4996.874765044413 4992.544295252683 5000.979339868931
1497897545099 4996.815095916358 4992.529947963091 5000.993458085394
1497897546367 4996.734433471046 4992.208106522958 5000.624269193969
1497897547568 4996.885363704069 4992.326707525887 5000.593758995818
1497897548288 4996.947000772069 4992.496497702794 5000.459483676903
1497897549108 4996.787856943788 4992.582193938967 5000.46954790163
1497897549884 4996.879909195357 4992.3888777719 5000.294859663024
1497897550911 4996.9800866647065 4992.652464331751 5000.381643976667
1497897551901 4996.879780082081 4992.735782529881 5000.1990312227135
1497897552752 4997.052780260293 4992.937253830066 5000.245370774217
1497897553398 4997.047535904801 4993.015190594947 5000.342368699557
1497897554021 4996.984674406357 4992.980945821649 4999.896815436421
1497897554757 4997.292657642009 4993.419044757506 5000.383151965922
1497897555390 4997.4576087735895 4993.414295042384 5000.72205700055
1497897556182 4997.39685175677 4993.57454344212 5000.696962984882
1497897557186 4997.590546624124 4993.482402545337 5000.835984469473
1497897558109 4997.580574740017 4993.459343099734 5000.703824651898
1497897559024 4997.865247252278 4993.655375370247 5000.959891272193
1497897559670 4997.577122127142 4997.577122127142 4997.577122127142
