1497897423284 4993.469995731967 4964.886190145732 5033.9207684580615
1497897423794 5014.498410598852 4986.4099976071875 5043.028575942938
1497897424269 5009.999718341835 4984.860148306587 5029.419704788681
1497897424732 5008.328522204798 4988.304354450437 5027.208087866152
1497897425506 4999.779721771784 4979.169873351839 5016.199816980982
1497897426379 5004.918419749925 4985.920725418081 5021.518225058305
1497897427396 5002.586078950872 4986.8505378209575 5018.384657793011
1497897428368 5005.856180583771 4991.28637237087 5020.34679552596
1497897429432 5006.462748729811 4993.540440684159 5020.409636235039
1497897429787 5005.630561885984 4992.676085353689 5019.316784096414
1497897430332 5003.276571299313 4990.703499636923 5016.822324166503
1497897430947 5002.101268178022 4990.0287253962315 5013.054513044956
1497897431533 5005.040834947197 4993.349368308154 5015.85676556366
1497897432681 5002.971822817761 4991.266877274173 5012.931620458263
1497897433920 5003.248663381145 4991.539164736673 5011.701290546524
1497897434969 5002.52550451528 4991.118245191137 5009.991217821746
1497897435736 5001.0292931736885 4990.1844794626095 5009.661018109353
1497897436281 5002.1302023366825 4991.35469332476 5010.41303178203
1497897436745 5002.685343961203 4993.147978134153 5010.581167097545
1497897437454 5002.004419019494 4993.004385066764 5010.497769104742
1497897438805 5001.771692790905 4992.744494196688 5009.77745202661
1497897439579 5002.419910371619 4992.131336410698 5010.281799564259
1497897440250 5001.6493387780465 4991.405815085485 5009.143069502292
1497897440946 5000.389614124927 4990.647256363063 5007.0318015559815
1497897441524 4999.636183011177 4991.363122148516 5006.397458584337
1497897442731 4999.354582542087 4991.983144903248 5005.892116685266
1497897444158 5000.115998694141 4992.62091047445 5006.482436357127
1497897445128 4999.895210307844 4992.974156953168 5006.6875158607645
1497897445937 5000.077743391118 4992.4077246178385 5006.6998245664445
1497897447188 5000.266848065905 4992.99293212349 5006.679547186831
1497897448143 4999.66311366063 4992.647474990621 5006.264706921624
1497897448742 4999.914551854403 4992.77174437019 5006.50563467021
1497897449508 4999.41231206497 4992.53075676663 5005.884636002959
1497897450461 4999.784808457357 4993.5729350414795 5006.169138389697
1497897451790 4999.978804217477 4993.852609984297 5006.308661625232
1497897453479 5000.260342196366 4994.662433855579 5005.991684868158
1497897454499 5000.86025494555 4995.482927883312 5006.208148776638
1497897455534 5000.651470192221 4995.031632998193 5005.999078647353
1497897457111 5000.601241454067 4994.66409049815 5005.590757876202
1497897458191 5000.3763651308345 4994.791953833542 5005.544098485241
1497897459318 4999.992681244713 4994.4060093918815 5004.752072560476
1497897460317 4999.684981106566 4994.014610536346 5004.293973638729
1497897461519 4999.335258647804 4993.421178375808 5004.325986850116
1497897463154 5000.1731838616315 4994.282042856565 5004.975942555826
1497897464367 5000.2131653802735 4994.1698318066965 5004.832109469565
1497897466075 4999.278613146007 4993.929355742297 5003.931240038138
1497897467405 4998.827993369785 4993.615217060748 5003.212342626976
1497897468779 4998.8740468684455 4993.456983107148 5003.360375924131
1497897470739 4998.534723760384 4992.170473305386 5003.50191264518
1497897472590 4998.472629473877 4992.559352800407 5003.068383397812
1497897474001 4998.738522736875 4993.070995871213 5002.984945529392
1497897475680 4999.12951713389 4993.796275752186 5003.171419252901
1497897476664 4999.224859599054 4994.135554372275 5003.372684966428
1497897477943 4998.969588012744 4993.900639258744 5003.015546567031
1497897479618 4998.62222383448 4993.903070065291 5002.75731302563
1497897482025 4998.394840872709 4993.707113988815 5002.380825127452
1497897483708 4997.918098670983 4993.054660608205 5001.869996298552
1497897485521 4997.657933596344 4992.695813585253 5001.460156828035
1497897487897 4997.590905715488 4992.966788891993 5001.2492210282235
1497897489740 4997.606912260082 4992.86784171732 5001.21935759711
1497897491274 4997.577509125586 4993.013592946363 5001.121965545748
1497897493270 4998.1015748001255 4993.639082034139 5001.662387539981
1497897494328 4997.7746047096825 4993.473797600014 5001.526782233351
1497897495587 4997.743890738779 4993.253170783122 5001.366445587807
1497897496905 4998.009947834578 4993.668759894688 5001.920923242026
1497897497513 4998.405877979683 4994.528601920278 5002.17613875591
1497897498556 4998.253955247481 4994.231155053099 5001.722173543881
1497897499939 4998.374580471033 4994.423537203711 5001.751616551456
1497897501732 4998.109957035496 4994.226139743359 5001.568723980126
1497897503027 4998.05324363935 4994.21613545038 5001.340228024242
1497897504140 4997.894432676948 4994.177033232352 5001.2882109469265
1497897505759 4997.940749934061 4994.295217202729 5001.40109317068
1497897507262 4997.921502216296 4994.024769375237 5001.497974283839
1497897508285 4997.939288588966 4994.593010489862 5001.44327924515
1497897509235 4997.279968742371 4993.879686965052 5000.65434196009
1497897510749 4997.4551906329825 4993.93906462643 5000.86427181421
1497897512104 4997.102323945735 4993.816616713409 5000.37217945029
1497897513159 4997.261225181348 4993.8511803091415 5000.5429728497165
1497897514147 4997.6317283886865 4994.53513843626 5000.925795175181
1497897515627 4997.459591821057 4994.465269881395 5000.72607184704
1497897516707 4997.015478311713 4993.8259261367775 5000.441340456846
1497897517837 4996.84431049045 4993.403458463366 4999.976339968281
1497897518910 4997.017468244115 4993.4695640923055 5000.338102915839
1497897520515 4997.350128804162 4993.621437415153 5000.57601201653
1497897522048 4997.67725765783 4994.022383205447 5001.054062630255
1497897523130 4997.516924290315 4993.777300923011 5000.727334603132
1497897524133 4997.625884573247 4993.9954474348 5000.802290225716
1497897525715 4997.797711309909 4993.972777688042 5000.9142465477635
1497897526730 4997.391220808797 4993.727652433758 5000.553924025258
1497897527564 4997.334949564787 4993.669319889136 5000.6167087069
1497897528502 4997.4690594033 4993.809471149784 5000.720695412999
1497897529522 4997.465480979586 4993.697534559114 5000.759230415183
1497897530942 4997.610900918318 4993.855811561924 5000.758579917731
1497897532288 4997.542061770663 4993.6341595234235 5000.806991593856
1497897533135 4997.780104102026 4993.92598173082 5001.159665961702
1497897534027 4997.840651175416 4994.07989956796 5001.071366348774
1497897535186 4997.67162597431 4993.6799378303995 5000.846315545516
1497897536509 4997.559885962797 4993.565488374264 5000.594216970175
1497897537969 4997.497380351011 4993.48368474314 5000.450312044363
1497897539490 4997.577122127142 4997.577122127142 4997.577122127142
