1498515504109 4989.9105108180775 4952.643237033571 5026.455437904574
1498515506002 4995.410345048333 4968.926143607252 5022.2045027742215
1498515508499 5003.477663679044 4983.756600576827 5024.554774209219
1498515510494 5004.172729115761 4986.108318631547 5022.165333728801
1498515512413 5003.736319172364 4987.233846407791 5018.680453517045
1498515514813 5005.402894329942 4989.882205118254 5020.397165350822
1498515517027 5007.070770748728 4993.902387631911 5021.0184445886525
1498515518942 5003.338038387265 4989.743231552978 5016.95714130186
1498515521602 5001.050909325247 4989.233510210358 5013.502445444225
1498515523914 4997.953434876684 4986.515280751433 5009.937886333491
1498515525823 4996.564306025659 4985.189089798333 5007.873880248684
1498515528341 4997.110915598902 4986.365253092526 5007.672320217954
1498515530722 4997.413893603664 4987.198305905501 5007.25653171302
1498515532656 4996.04027094826 4986.752553837896 5006.566918999106
1498515534930 4995.817107854142 4986.827049902864 5005.527733879161
1498515537571 4995.364777992636 4986.790127197064 5004.279628335401
1498515539675 4995.123087099954 4986.896423090217 5003.715601457817
1498515541755 4993.822109906393 4985.400138496017 5002.243163315797
1498515544073 4994.874970979262 4986.809426223366 5003.505484052823
1498515546128 4994.729710005761 4987.218360297585 5002.6946630378825
1498515548171 4996.02274087143 4988.261354221038 5004.008630958226
1498515550670 4996.022408650372 4988.550929313625 5004.061103816808
1498515552636 4994.86142569856 4987.595935765316 5001.7581992322985
1498515555041 4995.642500657245 4988.838244181437 5002.8579296469
1498515556897 4995.5211681399005 4988.541682534099 5002.225923799573
1498515559788 4994.995442840035 4987.9159776859 5001.96479510314
1498515561536 4994.853916438445 4988.076549350536 5001.632785783662
1498515563431 4995.488000938927 4988.531012319456 5002.051351267049
1498515565343 4995.569714729082 4989.010751278634 5001.69548611638
1498515567132 4995.600533657465 4988.835559642414 5001.61849574852
1498515569545 4996.180352125811 4989.739514599794 5002.25435052641
1498515571304 4995.875526494254 4989.373483736719 5001.836274423703
1498515573106 4996.283098089024 4990.151330313194 5002.829859653434
1498515575175 4995.8238766896975 4989.7696082502825 5001.736862184836
1498515577171 4995.217274828998 4989.050642463213 5000.985190257347
1498515579541 4995.803954581635 4989.793613127437 5001.372605410571
1498515581201 4996.745363492381 4990.805143902332 5002.121348451279
1498515584088 4996.824073212599 4990.8628779280125 5002.339210449148
1498515586028 4997.524857561105 4991.353724155674 5002.95287914452
1498515587897 4997.7202021922085 4991.945366912693 5003.447834597546
1498515590039 4997.590405018992 4991.8747720170095 5003.153515755618
1498515591798 4998.074784762651 4992.591395590037 5003.563550597641
1498515594332 4997.5151632452735 4992.025665953888 5002.863577017053
1498515596038 4997.695387734198 4992.466244913085 5002.945507826178
1498515598624 4997.704857890952 4992.127591694071 5002.651029604843
1498515600385 4998.076636111521 4992.807835879177 5003.292269466046
1498515602303 4998.270008151699 4993.204381739216 5003.32620649488
1498515604017 4998.720220241154 4993.704720151367 5003.788900571032
1498515606107 4998.965699511365 4993.95882519001 5003.81523100697
1498515607913 4999.835374394703 4994.678899736026 5004.6803893980305
1498515609767 5000.446597810546 4995.517663467611 5005.494937190422
1498515612299 5000.667906648013 4995.562009551423 5005.62060311756
1498515613939 5000.012010439407 4995.167792220651 5004.970362826443
1498515615810 5000.365164520744 4995.554351237417 5005.1793370554
1498515618488 5000.420120330698 4995.740583969567 5005.0841331892825
1498515620700 5000.538633831971 4995.721585433548 5005.3529068014595
1498515622321 4999.7891542611305 4995.164647029242 5004.370214657875
1498515624563 4999.171961566187 4994.591303441883 5003.888766780204
1498515626946 4999.132595291516 4994.48467900147 5003.737728060169
1498515628837 4999.181745433221 4994.280996538613 5003.820213165122
1498515630716 4998.714944438018 4993.706317299425 5003.313082024908
1498515633361 4998.456534969715 4993.81388023246 5002.900766417642
1498515635983 4998.324132220823 4993.689425252972 5002.85978749644
1498515637668 4998.005533385971 4993.586296244785 5002.502012863859
1498515639288 4997.532101485336 4993.1213314505085 5001.93708297855
1498515641055 4997.667099012263 4993.301115406665 5001.988160112558
1498515643308 4998.0611415867525 4993.716319063518 5002.365095775144
1498515645657 4997.802301293624 4993.588171133035 5002.179037066549
1498515647797 4998.374561786129 4994.085983155669 5002.902375242677
1498515649304 4997.827426629632 4993.564302907298 5002.323039350316
1498515650813 4997.499383706638 4993.358551690603 5001.819001858387
1498515653053 4997.730638565211 4993.73883643808 5001.963696940579
1498515655276 4997.920561152522 4993.823907398178 5002.131340187684
1498515657510 4997.915254425369 4993.911311341483 5002.328215422943
1498515659245 4997.8930964546735 4993.7488990978345 5002.169251372061
1498515660750 4997.968164794806 4993.767898531135 5002.151312262232
1498515662316 4998.374821439317 4994.083144917277 5002.723033335177
1498515664859 4998.538298666002 4994.360765088873 5003.01446500958
1498515666959 4998.4938364130285 4994.308783541663 5002.926212239151
1498515669059 4998.110288195815 4993.865056766939 5002.486911922059
1498515671160 4998.002207827737 4993.897864245951 5002.341860893857
1498515672982 4998.024245486835 4994.042995026793 5002.121148499431
1498515674441 4997.925872797733 4993.906857861842 5002.136011188425
1498515675917 4998.322237529918 4994.35191951254 5002.366177530173
1498515677406 4997.848145663255 4993.749026379883 5001.790864397266
1498515679672 4997.797903496477 4993.74472431207 5001.674058827665
1498515681667 4998.028302607516 4993.94916858996 5001.998383206541
1498515684237 4998.0810210990485 4994.07698761066 5002.07083713377
1498515686281 4997.85071891553 4993.890202569359 5001.833782049658
1498515688236 4997.91686804271 4993.871308416213 5001.868153521083
1498515690642 4998.086787307142 4994.000039990854 5002.019550393798
1498515692720 4998.060688768031 4994.008975338684 5001.9578811228785
1498515694497 4998.08760151819 4994.123715155551 5002.0187960813355
1498515696513 4997.950416827959 4993.851040695476 5001.824229252714
1498515698414 4998.323847988074 4994.351865875666 5002.152628513191
1498515700186 4998.263782563845 4994.244283000327 5001.980545093941
1498515702028 4998.032234411911 4994.056799546772 5001.864839250534
1498515703916 4998.009070217362 4993.967580782731 5001.695652211002
1498515705767 4997.844371946286 4993.831028499836 5001.6476456073115
1498515707606 4997.577122127142 4997.577122127142 4997.577122127142
