1497975984975 5017.43477332878 4982.170394930121 5056.508877023918
1497975987153 5014.285378918838 4991.324783905593 5039.135450713917
1497975988836 5000.98831993294 4981.216115542004 5023.035672348886
1497975991349 5002.068574416098 4984.107571724961 5020.227532043362
1497975992998 5004.707862099576 4988.564210032189 5021.178566361489
1497975994985 4999.493050543866 4984.993705129357 5014.14220003373
1497975997075 5001.339072524905 4988.7632303549935 5014.162120520986
1497975999607 4996.247761760971 4983.909764702335 5009.167945966921
1497976001376 4994.927263764615 4984.114778901677 5006.538839948366
1497976003428 4996.525526448319 4985.985080226501 5008.08516801854
1497976005691 4995.286454772276 4986.100987790478 5005.418548670781
1497976007906 4997.453314019814 4987.851285052747 5007.57357136665
1497976010198 5000.875120085869 4991.640965529607 5010.364562145317
1497976012186 5000.781301348055 4991.434663755038 5010.039363247806
1497976014554 5000.893821973619 4992.440510487526 5010.106129706229
1497976016512 5001.300760287179 4992.960724363313 5010.502805856334
1497976018530 5001.109125207527 4992.628079589754 5010.138954246552
1497976020815 5000.585868276967 4992.677950196544 5009.597967646147
1497976023626 4997.818203661918 4990.344541291656 5006.295882442522
1497976025924 4997.993214060126 4990.588386899543 5006.000324680985
1497976028319 4997.240871575961 4990.240389297865 5005.253499575216
1497976030835 4997.768882046931 4990.739190156069 5005.29838738222
1497976033314 4997.578787410608 4990.502966649923 5005.556983551072
1497976035790 4998.221134037119 4991.072035806325 5005.55638060546
1497976038270 4998.182100952092 4991.046216395053 5005.132705442544
1497976041097 4998.568102259875 4991.854668039557 5005.322938356374
1497976043635 4999.012406799626 4992.670146089534 5006.069021263525
1497976046559 4999.280357737318 4993.225463380094 5006.357807921577
1497976049338 4998.425781725141 4992.4698038637725 5005.279010340534
1497976052425 4998.466097582524 4991.916776028553 5005.211982456371
1497976055262 4998.142038373685 4991.42686909251 5004.83406463807
1497976058185 4997.013162639972 4990.82936878074 5003.8091946450795
1497976060452 4996.30478736594 4990.2744942522195 5002.750574749172
1497976063120 4996.4049541523245 4990.272582484854 5002.599054720024
1497976065812 4995.880811855522 4989.946756526059 5002.074291236451
1497976068307 4996.454324104815 4990.554266174688 5002.618104280942
1497976070939 4996.16638960815 4990.647055649241 5002.477286367016
1497976073756 4995.820398395764 4990.408049839704 5001.573716014735
1497976076073 4996.108660599356 4990.67228488282 5001.9643875730835
1497976078936 4996.02347077005 4990.884085271221 5002.068558414569
1497976081748 4996.008525665128 4990.987340971596 5001.990231674688
1497976084550 4996.254997144732 4991.180321600782 5002.11962073762
1497976087210 4995.972179317391 4991.251096848487 5001.967034567919
1497976090070 4996.080824807739 4991.471755646419 5002.116703410959
1497976093070 4996.09600542881 4991.317060056924 5002.123897417718
1497976095786 4996.106399505603 4991.407441095438 5002.006960766391
1497976098419 4995.861011762497 4991.278777488199 5001.743214588634
1497976100890 4996.167280470124 4991.538815446315 5001.953019234342
1497976103174 4996.382044809021 4991.884503737422 5001.884723657112
1497976105848 4996.371535611215 4991.974304762374 5001.9935967787105
1497976108452 4995.9344985881735 4991.532808000504 5001.274899162271
1497976110897 4995.831002410093 4991.359310161055 5001.108713984077
1497976113895 4995.25874021414 4990.870682417194 5000.4221103826785
1497976116712 4995.23007959328 4990.678875735456 5000.498587317491
1497976119731 4995.01608802555 4990.470503489862 5000.3284794177625
1497976122790 4995.430153313251 4991.010800857144 5000.579655372616
1497976126171 4995.345759650505 4990.885713455649 5000.2958619732
1497976129336 4995.048335619543 4990.377081297393 5000.025785816108
1497976132463 4995.459188350821 4990.765808356404 5000.564696532446
1497976135221 4995.7004721661815 4991.038481872284 5000.457076267869
1497976138300 4995.395934946164 4990.919092169166 5000.361774763053
1497976141032 4996.0716369383335 4991.780230505125 5000.9609110423235
1497976143614 4996.4193792897995 4992.097021602643 5001.256011958653
1497976146193 4996.524250583746 4992.183214172867 5001.225887045206
1497976149054 4996.735522287669 4992.499449745709 5001.466200490456
1497976151995 4996.761887934158 4992.636597785962 5001.595537865057
1497976155052 4997.093363288297 4993.048553951546 5001.768602245442
1497976158007 4997.008315589511 4992.952175060475 5001.9561879182875
1497976160551 4997.152521127296 4992.955987920301 5002.011692233251
1497976163537 4997.043190826383 4993.004659528177 5001.870496057967
1497976166259 4997.047124192937 4993.055477472313 5001.855855436837
1497976168933 4997.172696256513 4993.185200509613 5001.746135917513
1497976172251 4997.39606395224 4993.403711615834 5001.9367084277965
1497976175124 4997.4779115300325 4993.81259214373 5001.983951125784
1497976178204 4997.845612276995 4993.924985504073 5002.330037039804
1497976181299 4997.897354609811 4993.991699713589 5002.3212907392935
1497976183938 4997.584292513085 4993.668369984286 5001.887049102356
1497976186829 4997.415902746272 4993.6160730893325 5001.649732897187
1497976190404 4997.5375046413465 4993.655365626769 5001.867743167543
1497976193136 4997.403099607311 4993.671329134339 5001.529849024556
1497976195773 4997.097588800316 4993.110035596265 5001.290864629181
1497976198401 4996.6481552060495 4992.786915087132 5000.82035770297
1497976200515 4996.709431847621 4992.724149697976 5000.845715957424
1497976203211 4996.781020932074 4992.900519539442 5001.038406156245
1497976205844 4996.445805058343 4992.502275376633 5000.683130529778
1497976208353 4996.7864460541205 4992.872709722881 5001.083093664015
1497976211275 4997.039338401932 4993.285643437395 5001.039241046227
1497976214306 4997.0272627325385 4993.145843128928 5001.074395068513
1497976216830 4997.557850763494 4993.724021051738 5001.457781546769
1497976219589 4997.270849960521 4993.396170081291 5001.323769384715
1497976222673 4997.265290174332 4993.500287496711 5001.157569289843
1497976225182 4997.199900727811 4993.323426702072 5000.991940007072
1497976227608 4997.649115918419 4993.683848845382 5001.431106305208
1497976230136 4997.571684221443 4993.577680737547 5001.246958173662
1497976232551 4997.589898636393 4993.499180226306 5001.196505805102
1497976235557 4997.72197342527 4993.708897400114 5001.319460508878
1497976238626 4997.792811933164 4993.922773517918 5001.51425276797
1497976240881 4997.630040332046 4993.767576483917 5001.232556547277
1497976243490 4997.638043303368 4993.751535579406 5001.226889021977
1497976246497 4997.577122127142 4997.577122127142 4997.577122127142
