1497976001958 5001.518545392462 4960.414177978884 5037.287659108151
1497976004412 4983.615950998805 4955.931035937237 5011.990221394403
1497976006165 4989.705396185038 4966.237423903809 5011.986615376287
1497976008312 4989.758403226839 4969.5335431523035 5007.931629580671
1497976010632 4990.1133496098755 4971.904806212042 5005.816261541523
1497976012575 4990.297992217115 4973.26815898514 5005.296617434084
1497976014686 4993.470291958341 4977.327064446557 5006.975350424434
1497976016572 4997.747964530001 4983.656043838307 5010.247824756999
1497976018507 4996.5916305140245 4983.557885458687 5008.048112053195
1497976020754 4995.9556391202095 4984.014431322066 5006.609129654068
1497976023549 4996.36908032755 4985.657088745762 5006.046143381628
1497976025800 4997.231161748047 4986.8673215168055 5006.612454722106
1497976028005 4997.778703008915 4987.004225327834 5006.181475900365
1497976030665 4998.793584125757 4988.640773289602 5007.5444527951495
1497976033196 4998.183333027441 4988.04146392473 5006.855434805423
1497976035608 4996.412652762269 4986.290747142519 5005.37135362253
1497976038269 4995.779215213744 4986.186429425044 5004.646151579778
1497976040992 4997.100602179765 4988.482512605496 5005.490237540434
1497976043567 4998.43425340647 4990.181228584783 5006.272458263934
1497976046559 4996.99766306772 4988.369612939039 5004.937224782825
1497976049338 4997.38173158063 4989.18542212335 5004.682397252157
1497976051951 4997.519234348056 4989.550611661305 5004.611514234452
1497976054756 4997.359881562699 4989.582482198886 5004.812715194758
1497976057306 4997.626994458923 4989.771480446037 5005.0371546435945
1497976059477 4998.465650822919 4990.788187461139 5005.4589773209655
1497976062027 4997.181100157539 4989.746361660462 5004.07347980967
1497976064815 4996.289204743828 4989.531450882856 5003.10135902849
1497976067524 4996.781312502294 4990.516710746628 5003.533531215344
1497976070347 4998.406315983564 4991.909194814377 5005.258950040334
1497976073446 4997.911088195599 4991.449781458516 5004.655059024528
1497976075923 4997.830354357107 4991.262872144951 5004.272158023129
1497976078813 4997.78430145656 4991.344949584592 5004.368917138856
1497976081609 4997.960098475491 4991.646586603748 5004.475744075994
1497976084328 4997.138347664343 4990.759176400763 5003.170137941746
1497976087147 4997.524195975042 4991.3309560710895 5003.3468461343455
1497976090070 4996.915005860164 4990.9171869790725 5002.656486459516
1497976093070 4996.690567437366 4990.616008365279 5002.237848018427
1497976095872 4997.22246427256 4991.310770531418 5002.772300079357
1497976099082 4997.675314232204 4991.854878729983 5003.516032972967
1497976101377 4997.826007068043 4992.031919991578 5003.652167231119
1497976103854 4997.712773258737 4992.019628151781 5003.503806754862
1497976106526 4997.501212796098 4992.074747757496 5003.179793579067
1497976109341 4997.932151210434 4992.283030196143 5003.304550127144
1497976111758 4998.371923003052 4993.1628386298435 5003.83016245111
1497976114629 4997.915325009017 4992.598323127221 5003.219568279055
1497976117270 4998.453062752298 4993.603585617945 5003.649884918954
1497976120058 4997.834378663903 4992.683934011468 5003.133482975165
1497976122910 4997.879400828351 4992.750861336815 5003.197164708632
1497976126074 4997.864286875811 4993.024928218535 5003.011605868163
1497976129335 4998.003227513679 4993.0615843408605 5003.43868214396
1497976132258 4997.714133282344 4992.77306598301 5002.957918509295
1497976135080 4997.701698144534 4992.73241250252 5002.916290462726
1497976137735 4997.522187797832 4992.245829781472 5002.635206542449
1497976139993 4997.419362837886 4992.402350003498 5002.441092043152
1497976142190 4997.91528901105 4993.221202777749 5002.822440302115
1497976144245 4998.292209402426 4993.394688962793 5003.096557584616
1497976146972 4998.224246169762 4993.44219627809 5002.996722453843
1497976149654 4997.867969696969 4992.914008126279 5002.527162512805
1497976152180 4997.813641753002 4993.07446863799 5002.282672628912
1497976155329 4997.859751899804 4993.172687661656 5002.386435351479
1497976158117 4997.9900994451555 4993.135966914286 5002.589593532952
1497976160644 4997.68350948956 4993.220743264286 5002.166519561114
1497976163697 4997.64682182149 4993.052733864369 5002.165503982888
1497976166456 4997.5665812347015 4993.1546530949145 5002.212456278007
1497976169033 4997.68676592165 4993.170131885048 5002.470804349311
1497976172023 4997.645338124921 4993.27498246353 5002.357438291855
1497976174700 4997.386732064249 4993.108022300215 5002.098799286494
1497976177896 4997.781957117499 4993.415889870982 5002.475863372483
1497976180664 4997.9078026201505 4993.446912065191 5002.397625577677
1497976183518 4997.551592020139 4993.067918615288 5001.927717749009
1497976185974 4997.178075117371 4992.7033100208055 5001.70499998712
1497976188652 4996.831918692171 4992.476873517879 5001.122711910204
1497976191396 4996.350116837637 4991.952541606925 5000.822279665654
1497976193562 4996.31266832096 4991.939112142064 5000.585861291878
1497976196522 4996.513433839764 4992.080769170719 5000.935291564287
1497976199696 4996.466397326861 4992.12283587805 5000.78416543809
1497976202001 4996.224335650726 4991.988185982677 5000.400024300439
1497976204777 4996.39607113225 4992.2484447244915 5000.5211141676655
1497976207941 4996.439287737019 4992.382896582612 5000.556802069643
1497976210746 4996.410382447892 4992.183837819408 5000.519242315982
1497976213241 4996.38553349896 4992.191605813072 5000.5196309591365
1497976215773 4996.223869245396 4992.022411372801 5000.131027975212
1497976218350 4996.176868817538 4991.938683420977 5000.049666838399
1497976220889 4995.887961263668 4991.7024724412195 4999.934464616963
1497976223226 4996.046347081562 4991.968117285015 4999.936158624417
1497976226158 4995.969626017648 4991.979457905691 4999.805722541119
1497976229324 4996.177571549355 4992.2090424087555 5000.106641220082
1497976232277 4996.168671114736 4992.137916540256 4999.973583985444
1497976235205 4996.16228888574 4992.252867748004 4999.938308514555
1497976237764 4995.960614005474 4992.021951540519 4999.726073185122
1497976239947 4996.503116039945 4992.541426339911 5000.272765530124
1497976242149 4996.9106590383835 4992.921075369224 5000.690086411185
1497976244364 4997.2334569336535 4993.135091269625 5001.067441115626
1497976246671 4997.361207116573 4993.335520990534 5001.118616578339
1497976248719 4997.377267035362 4993.382099301691 5001.035114212882
1497976251602 4997.520898028377 4993.591752302207 5001.2043015475065
1497976253931 4997.70193235148 4993.738692137301 5001.426083333153
1497976255752 4997.589687822096 4993.642256737337 5001.369395489758
1497976257986 4997.437237067801 4993.403668530776 5001.2329297972165
1497976260293 4997.577122127142 4997.577122127142 4997.577122127142
