1497976030842 4992.148222440357 4959.130852753101 5032.093583805113
1497976033499 4998.849691614913 4974.891440280536 5028.128293019446
1497976035902 4999.101261576544 4978.611884229679 5018.895401528013
1497976038387 4998.49922108408 4980.669095043584 5015.995726769652
1497976041176 5003.740926008127 4986.912666121887 5019.344683695065
1497976043708 4997.708441940081 4982.50354697938 5012.619291012191
1497976046645 4998.675803729004 4985.04094441601 5011.759244089428
1497976049403 4997.0026567651485 4984.360183904915 5009.540036200655
1497976052060 4994.749118483801 4982.706337804444 5007.442485442439
1497976054759 4994.486402745058 4982.544162918334 5006.655540363938
1497976057413 4996.000650837169 4984.4603779415365 5007.541216065802
1497976059621 4997.877153755939 4987.266725959105 5008.75729072934
1497976062224 4999.608164651936 4989.262869028752 5010.122174801072
1497976064776 4997.900485778744 4988.1570117300535 5008.288570259204
1497976067385 4996.386139366033 4985.771744129119 5005.668557098113
1497976069998 4996.069589529625 4985.861629642591 5005.266615313643
1497976072878 4994.621252226791 4984.4725822446 5003.72374835868
1497976075490 4993.609524045278 4983.938503516423 5002.358828622542
1497976077717 4994.311545881349 4985.374178797466 5003.02722047856
1497976079914 4995.8999758854625 4986.946131300636 5003.9557709976225
1497976082092 4997.509492185166 4989.203903946739 5005.726850227545
1497976084575 4995.3334524144875 4986.832599522632 5003.52740985156
1497976087362 4994.574406333242 4986.321471189889 5002.574068137253
1497976090221 4994.611241550655 4986.775173078701 5002.697101484664
1497976093070 4993.897461637745 4986.095188385071 5002.000180704852
1497976095716 4993.832841930045 4986.59712947967 5001.603998994938
1497976098352 4994.1705034055185 4986.77546590893 5001.413092554675
1497976100785 4994.587371184071 4987.268146901405 5001.747383448023
1497976103271 4994.743563051493 4987.482850856379 5001.682619161541
1497976106000 4994.951069939597 4988.010843621993 5001.723819337974
1497976108561 4994.893485580729 4988.176107250204 5001.185260873656
1497976111101 4994.582619670255 4988.060808630664 5000.952378579448
1497976113932 4994.6727613007315 4987.983138867996 5001.243937432514
1497976116598 4995.283271254563 4988.8846948281625 5001.57518020587
1497976119621 4995.676765736743 4989.4772850104955 5002.081888504995
1497976122790 4996.094652501363 4989.930890221917 5002.32009445591
1497976126025 4996.579030662372 4990.532131106155 5002.769450479924
1497976129399 4996.740845417876 4990.88122044008 5002.654900943138
1497976132463 4996.8317415008605 4990.863898916816 5002.727871704428
1497976135080 4996.0236569814515 4990.263094960588 5001.602732119577
1497976138023 4996.085795793566 4990.149214243338 5001.631956389953
1497976140445 4995.72793411851 4990.0305809269485 5001.191204142376
1497976142724 4996.4412489265915 4990.644473211008 5002.207589219412
1497976145133 4997.039959880924 4991.322221271303 5002.441495586363
1497976148709 4997.826462629746 4992.2731221580225 5003.374066729949
1497976151493 4998.210831633964 4992.6270811030145 5003.708140171745
1497976154112 4998.356263342856 4992.574901654597 5003.668593000475
1497976157359 4998.431723296102 4992.678059302929 5003.772608268698
1497976159890 4997.768407336558 4991.995161789533 5003.308597908289
1497976162212 4998.171493493855 4992.612921908115 5003.580121658954
1497976164281 4997.984230201752 4992.774599468009 5003.270765174897
1497976166569 4998.274770670198 4993.282684469604 5003.362503685671
1497976169046 4997.87982164944 4992.7315497623695 5002.927205359689
1497976172111 4997.890345121046 4992.8037433667605 5002.815976433082
1497976175218 4997.895485486182 4993.005493532571 5002.886685376452
1497976178107 4997.916623453447 4993.093328199524 5002.874975586727
1497976181136 4997.966213920742 4993.217219948461 5002.881814960718
1497976183856 4997.981284933368 4993.189602422311 5002.8906138948305
1497976186743 4997.818596704777 4993.08303309861 5002.852932012936
1497976190096 4997.288801253078 4992.485666547776 5002.348411380277
1497976192899 4997.0303509093155 4992.5707507198595 5001.908120788713
1497976195254 4996.913658219712 4992.448334302987 5001.798737010152
1497976197356 4996.850946368537 4992.3462311792255 5001.647079786379
1497976199882 4997.028066034716 4992.62670921077 5001.856994799975
1497976202235 4997.331314988547 4992.874615164134 5001.888360950085
1497976204695 4997.4751097946655 4993.067225693303 5002.171019216388
1497976207855 4997.7725897848795 4993.307862016759 5002.496041146721
1497976210446 4997.6567882097015 4993.330894672637 5002.297019512488
1497976212729 4997.223656794197 4992.786729516294 5001.899648054299
1497976215231 4997.288612797559 4992.948293471307 5001.871363769974
1497976217544 4997.187269021884 4992.962404631484 5001.743667821714
1497976219817 4997.201493368615 4993.015854975813 5001.7733380210775
1497976222435 4996.845115903685 4992.4923509355785 5001.401067778686
1497976225015 4996.599808453402 4992.273558638729 5001.097541652805
1497976227198 4996.586541165946 4992.439127036927 5000.921112383426
1497976229610 4996.78581933867 4992.644323407039 5001.185551323024
1497976232346 4996.539580501359 4992.361377339891 5000.902951153695
1497976235203 4996.654131615899 4992.539704527724 5001.085594466121
1497976237899 4996.553207271765 4992.569954498091 5000.863432133675
1497976240010 4996.886034566279 4992.9169254248745 5001.262795434152
1497976242274 4996.994048327834 4993.015097913966 5001.341765852892
1497976244533 4996.8899869869965 4992.86413737433 5001.05885179551
1497976246955 4997.077162608049 4992.983215546931 5001.352045048247
1497976249213 4997.084465089996 4993.0336022933525 5001.324581130896
1497976251729 4997.242007832546 4993.228652713446 5001.268010089003
1497976254234 4996.879199245424 4992.806406418628 5000.833054978234
1497976256089 4996.909535202924 4992.873569213995 5000.861903756923
1497976258232 4997.006168895604 4993.149639645539 5000.903425667517
1497976260352 4997.278252823565 4993.386573551039 5001.0818368437185
1497976263064 4996.888538917847 4992.98265067722 5000.635365357286
1497976264956 4996.805638780057 4992.995903851111 5000.61688817377
1497976266989 4996.828207850916 4992.942690956244 5000.716769481102
1497976268874 4996.960431247842 4992.865908737221 5000.679786156878
1497976271481 4996.868041252073 4992.892475419416 5000.543662072895
1497976273109 4997.144864531736 4993.165745157162 5000.791199476889
1497976275130 4997.045431265834 4992.970315551142 5000.81076200701
1497976277788 4997.148475514638 4993.036449466822 5000.90618853118
1497976279732 4997.2252736067 4993.21101435035 5001.006382544381
1497976281545 4997.294409850409 4993.2966755154275 5000.905221463226
1497976284125 4997.577122127142 4997.577122127142 4997.577122127142
