1497897228227 4980.666168814543 4942.631253435954 5016.016759776537
1497897228909 4989.351393453117 4962.986207059715 5019.557844316522
1497897229967 4983.398822431334 4958.861119824811 5008.388236038697
1497897231454 4984.8034086785765 4960.647573286626 5002.647209608097
1497897232358 4986.679823101025 4964.775299438313 5003.881174876056
1497897232796 4985.56562048363 4966.052040504062 5002.07433289305
1497897234268 4991.490201451131 4974.683314835651 5008.447347667321
1497897235903 4991.610994718591 4979.22206581011 5007.117741333952
1497897237208 4989.854610275632 4977.456451848764 5005.080392834349
1497897238518 4988.930330912163 4976.555434657382 5001.132319204609
1497897239363 4989.394680107437 4978.252543394866 5001.703069424432
1497897240663 4991.912857204427 4979.983266457279 5002.940414418207
1497897241850 4992.519922364105 4982.079776591198 5003.473526057846
1497897243786 4991.641719747262 4982.820657101561 5002.845665711584
1497897245753 4990.682754576578 4981.739568090939 5001.214107551843
1497897247343 4991.518781035716 4982.157402370209 5001.080109464847
1497897248959 4990.830168975351 4980.67390910043 5000.104784084167
1497897249947 4992.91914967348 4984.14363884077 5000.77431932351
1497897251177 4993.101092881016 4983.9913850039975 5001.129276799294
1497897252922 4993.328911063073 4984.051937820576 5001.453953126519
1497897255241 4994.615221320519 4985.1065653252235 5002.2548745681415
1497897257548 4995.081445580743 4985.256336374055 5002.199924313254
1497897259059 4995.195846210249 4984.600269852498 5002.4407819706885
1497897261172 4995.590710063692 4986.4675682770185 5002.917202219446
1497897263208 4995.542756273026 4987.650211776786 5002.243977414348
1497897264812 4996.162244223352 4988.795181941752 5003.197463210233
1497897267068 4996.192666001124 4989.040584969055 5002.804229606381
1497897268960 4995.969004033377 4988.979458217849 5002.449713681597
1497897270193 4996.2989935282085 4988.292261980603 5002.664161134633
1497897271387 4996.555059995067 4988.768272518133 5002.041221742458
1497897272684 4997.5141507219405 4989.595985484255 5002.879943363034
1497897274418 4997.674012349077 4990.8264952086465 5003.722939018297
1497897275584 4997.36447108753 4990.086428894648 5003.406969499148
1497897276655 4996.255893595191 4990.000349402272 5001.888128629221
1497897277685 4995.923242456084 4989.609757042477 5002.0945996378505
1497897278763 4995.276368224073 4989.2366494811595 5001.4935877081225
1497897279888 4995.968700090909 4989.994220356308 5002.301499976409
1497897281102 4996.835573629297 4990.441442153885 5001.954420348573
1497897282575 4995.679352467598 4989.365772524791 5000.517234285051
1497897284100 4996.377543094103 4989.789747649252 5000.9122542781115
1497897285036 4995.808464379992 4989.846170693388 5000.586216421813
1497897286028 4995.688788571243 4989.972515657242 5000.603503960257
1497897287034 4995.909624297427 4990.251814972579 5000.914048796591
1497897287949 4996.030212847139 4990.409299974568 5001.208405865145
1497897288716 4996.404281081136 4991.57465755296 5000.751291442671
1497897289507 4996.347393943636 4991.366612146822 5000.725761984012
1497897290879 4996.111870323976 4991.203560313379 5000.625775465643
1497897292273 4995.850344099101 4990.761427083531 5000.478796220553
1497897293568 4995.631899913405 4990.342123089868 4999.953180814743
1497897294469 4995.281786762654 4989.953508624155 4999.819670508722
1497897295572 4995.399050577673 4989.709877953809 4999.997010281823
1497897296407 4994.659492425649 4988.936971603465 4999.198676738285
1497897297645 4994.770687460896 4988.898378959553 4999.307265978266
1497897298747 4994.994885379843 4989.335835186306 4999.620495673486
1497897299784 4994.867281791616 4989.22995688085 4999.24781305044
1497897300644 4994.662070269437 4988.748277064884 4998.984676618339
1497897301922 4995.037482635073 4989.203457340298 4999.148718045801
1497897303303 4995.036131255399 4989.5772413984105 4999.190634629826
1497897304189 4995.003086509325 4989.0847450649435 4999.057292986102
1497897305001 4994.846024332815 4989.113765548051 4998.662388966949
1497897306108 4994.812009807582 4989.195979214204 4998.758271481155
1497897307535 4995.042762919228 4989.5236209711575 4998.990016965062
1497897308963 4995.026652969367 4989.662237061595 4998.711664372702
1497897310235 4994.869004294011 4989.751839103823 4998.818775058638
1497897311172 4994.878981345698 4989.953238323603 4998.834510306365
1497897312120 4995.3141167658605 4990.38661224314 4999.153218568284
1497897313415 4995.23605741305 4990.144855791666 4998.89226027254
1497897314842 4995.542612387531 4990.695899867773 4999.117316447474
1497897316058 4995.340071793256 4990.656506435207 4998.66233422648
1497897316967 4995.487724049749 4990.907069557863 4999.005675714895
1497897317702 4996.004341275837 4990.917907213192 4999.3562219671985
1497897318442 4995.988858150332 4990.948186460504 4999.233770616383
1497897319454 4996.079368087254 4991.073657345711 4999.186523935114
1497897320638 4996.0472866129385 4991.591468991004 4998.954316570219
1497897321390 4995.818089474268 4991.175082651472 4998.759086895136
1497897322108 4995.892398928735 4990.9753838314955 4998.856146402974
1497897322837 4995.854294030781 4990.873697879275 4999.063292683033
1497897323842 4996.576771628339 4991.670689119052 4999.661953490944
1497897324769 4996.574708944758 4991.695594428626 4999.882171103811
1497897325734 4996.678071729491 4991.786583718833 4999.981735004684
1497897326588 4996.969057689271 4992.271838953589 5000.3214869570475
1497897327463 4997.134894102835 4992.785192912555 5000.461482218037
1497897328450 4997.097979883769 4992.8433875351075 5000.373729514323
1497897329041 4997.492318690276 4993.224153529253 5000.774943888304
1497897329619 4997.865723117842 4993.739618341261 5001.090234842522
1497897330239 4998.161840373391 4994.572898315426 5001.446586813852
1497897330871 4998.337034049491 4994.5930696967225 5001.538848910712
1497897331844 4998.010362574886 4994.021940522337 5001.263213415393
1497897332764 4997.579952617699 4993.621539189747 5000.78592127459
1497897333586 4997.429495983454 4993.428001044216 5000.82819382891
1497897334364 4997.361562339019 4993.272543905041 5000.802798821702
1497897335175 4997.635318033101 4993.542615857658 5001.3012512937485
1497897336082 4997.49812298823 4993.22364852221 5000.927339245864
1497897336607 4997.363740694379 4993.349315935131 5000.686158915506
1497897337131 4997.357539069285 4993.583568294193 5000.789453190747
1497897337647 4997.600339474084 4993.726383376819 5000.899170651931
1497897338213 4997.752960783937 4993.630823315298 5001.116601881098
1497897338770 4997.789301639927 4993.780220597861 5001.023470109368
1497897339332 4997.776132805698 4993.714890367783 5000.749392991739
1497897340162 4997.577122127142 4997.577122127142 4997.577122127142
