1497897208059 5043.779490902879 5005.037319148936 5080.383880382201
1497897208850 5015.578838395697 4986.587081843047 5047.237676778582
1497897209416 5008.134633573776 4988.941770079038 5032.52893458212
1497897209882 5002.126134969325 4985.281314894181 5023.762519950961
1497897210593 4995.876170078418 4978.889019833788 5012.664065396131
1497897211626 4997.966182824691 4983.921045053935 5013.4329438192535
1497897212293 4993.20191181734 4980.321361088275 5003.380186561325
1497897213007 4992.021507055323 4980.859367532194 5005.494945676825
1497897213572 4992.48401226662 4978.380758699634 5005.293111101608
1497897214377 4992.074973758545 4979.838716913414 5004.15020958472
1497897215049 4992.974032202867 4982.570308486376 5003.58028503799
1497897215772 4995.962050764272 4985.546993123024 5007.517074203725
1497897216879 4998.321346192336 4988.685742829698 5009.304291209266
1497897218228 4997.1072416985 4989.073107442971 5006.796851114479
1497897219415 4996.605722040611 4988.7594915658765 5006.263502877992
1497897220168 4997.159318033906 4988.769826764065 5005.594513365212
1497897220708 4997.62426717883 4988.830482311881 5005.968346850498
1497897221454 4997.250058579871 4988.291427811021 5005.009000742364
1497897222866 4996.780641058472 4988.2834318610885 5005.343121021118
1497897223809 4998.714257057252 4990.6250712994715 5007.0580766604135
1497897224682 4997.29669683845 4988.244431451926 5004.914040047217
1497897225509 4997.738422471133 4990.066287457981 5005.658166758716
1497897226548 4996.862905352864 4989.168560826066 5003.4530436915
1497897227755 4997.614211659786 4989.481786838808 5005.292596475996
1497897228811 4999.1038893858795 4991.155929276584 5006.882585598445
1497897229785 4998.330770274781 4991.653569699077 5005.479346668093
1497897230875 4998.294603524699 4991.48692897328 5005.563932529942
1497897231677 4998.620176529483 4991.112995055937 5005.806825188848
1497897232629 4999.73425222054 4992.754025134141 5006.405488576734
1497897234225 4999.66344990056 4992.635687517807 5006.179898888216
1497897235854 4998.544788329915 4991.534228312345 5005.243581247724
1497897237114 4997.493139583266 4990.862008229716 5003.1699521445935
1497897237886 4997.675637462679 4991.0812073637135 5003.015086811735
1497897239086 4998.409647588316 4991.9859806831855 5003.129661450925
1497897240663 4998.55367716032 4992.554431758522 5003.391237300566
1497897241903 4999.420573167838 4993.386073283346 5004.292909501143
1497897243833 5000.251425091425 4994.14575835358 5005.452477231142
1497897245754 4999.611652080619 4993.615607099288 5004.839143177581
1497897247362 4999.690079740189 4993.614706934902 5004.623352960905
1497897249181 4999.307254482814 4993.382154332954 5004.293822713437
1497897251091 4999.0692047827915 4993.281235050005 5004.120477798321
1497897252904 4999.575428397552 4994.029405130317 5004.697700022635
1497897255241 4999.433213170485 4994.087566416714 5004.861577459413
1497897257536 5000.053065551564 4995.055658017511 5005.599401596313
1497897259059 5000.513281077953 4995.513020330631 5006.030465167109
1497897261172 5000.78741189801 4995.591202837617 5006.42563324654
1497897263157 5001.361058310707 4996.505319939784 5006.810413504702
1497897264765 5000.6896346876065 4995.897349281727 5006.062335099405
1497897266949 5000.879737503259 4995.96284363164 5005.929320532821
1497897268906 5001.197236630184 4995.958881713473 5006.131130137818
1497897270144 5001.489479753294 4996.175625528326 5006.3493165011805
1497897271263 5001.787035748824 4996.759418886709 5006.606474972805
1497897272219 5001.709794781932 4996.902809384861 5006.29168217926
1497897273151 5001.766067518252 4996.988628083469 5006.282450512113
1497897274652 5001.720474248856 4996.823630839056 5006.591881306298
1497897275706 5001.501975960709 4996.113152575603 5006.4368957582865
1497897276787 5001.083359900373 4996.132934729255 5005.722345528625
1497897278609 5000.844265747785 4995.996618510661 5005.518275670486
1497897279841 5001.036952391195 4996.121252325856 5005.34527506481
1497897280970 5000.882211774427 4996.049229918796 5005.592124079234
1497897282158 5000.481166778415 4995.8506370657315 5004.906813004315
1497897282949 5000.134899647381 4995.632096836529 5004.782083324512
1497897284215 4999.923251615436 4995.487266546625 5004.251457897879
1497897285114 4999.634747856193 4995.3785398527425 5003.968064538845
1497897286113 4999.651336736349 4995.226349778244 5003.932082625519
1497897287167 4999.783516449279 4995.28248599153 5004.013628322496
1497897288043 4999.681817929625 4994.9485728758855 5003.858098412553
1497897289162 4999.30707465074 4994.254127078133 5003.4989733225375
1497897290728 4998.8866637901565 4994.090065291723 5002.680541218
1497897292133 4998.892013040804 4994.22410407566 5002.770916768453
1497897293422 4998.564770140868 4993.970113622187 5002.569640378517
1497897294076 4998.56070464186 4993.9102445381095 5002.711963755982
1497897294773 4998.875935193491 4994.189764613221 5002.879995699014
1497897295893 4998.859254099907 4994.673913862227 5002.932497847394
1497897297552 4999.077470348983 4994.422784712395 5002.9276022484155
1497897298715 4998.855541950289 4994.1628945450575 5002.548907037867
1497897299774 4998.83553572206 4993.860201527293 5002.725179280682
1497897300631 4998.246365102595 4993.405596753553 5002.000784110846
1497897301887 4998.189527320155 4993.2383808509785 5001.7247348847095
1497897303323 4998.215910153024 4993.633294795595 5001.741494564877
1497897304211 4998.443853722763 4993.741196524267 5001.969548008035
1497897305028 4998.2600908554705 4993.900922458148 5001.9056387318315
1497897306129 4998.252357186025 4994.050693686186 5001.722576149455
1497897307540 4998.104700080451 4993.852528548124 5001.652590587371
1497897308963 4997.779405425568 4993.477627359155 5001.53266546764
1497897310262 4997.850749606599 4993.409677939784 5001.455313291483
1497897311206 4997.615717420865 4993.260600456227 5001.331665332418
1497897312195 4997.631356630272 4993.527902942021 5001.083209823537
1497897313485 4997.662502795547 4993.380170876433 5001.083493660821
1497897314862 4997.6956565161645 4993.409191304738 5001.455420365571
1497897316115 4997.649967307207 4993.23196374513 5001.234185179922
1497897317005 4997.603765064998 4993.379027834757 5000.964662532856
1497897317741 4997.737123121744 4993.580421051869 5000.939051625064
1497897318485 4997.7566885956485 4993.489986045614 5001.041185200165
1497897319505 4997.412196173331 4993.408493190883 5000.438520210466
1497897320686 4997.171243403349 4992.882725403892 5000.380345851468
1497897321428 4997.619327331198 4993.386328485233 5000.717968832051
1497897322146 4997.508664796735 4993.295590871688 5000.329044912327
1497897322880 4997.285104150928 4993.14895598802 5000.229336731056
1497897323902 4997.577122127142 4997.577122127142 4997.577122127142
