1497897169143 4982.998119738472 4946.96620951006 5018.05425063107
1497897169996 4986.775172443248 4962.838317352586 5010.245015998031
1497897171025 4997.239016267452 4976.183858381784 5020.544281075204
1497897171433 4994.245084854307 4972.366022536996 5014.097411422273
1497897171841 4993.2898120165955 4975.81969694393 5010.678074680129
1497897172207 4994.461257042854 4978.79010181482 5010.190239688683
1497897172613 4996.9632021760835 4984.50038200945 5009.5741620266435
1497897173010 4993.523073146785 4981.62037401998 5008.044109367352
1497897173408 4994.785477195427 4983.384329288573 5008.349447234419
1497897173789 4996.944746829228 4984.519212253049 5009.206326404015
1497897174205 4997.1131333345575 4986.7206057969215 5008.657697792799
1497897174616 4999.958354090335 4989.290688095781 5009.827954737523
1497897175520 5001.3875037511625 4989.942812898067 5009.999452002151
1497897176131 5000.442746853302 4989.778084263542 5008.103527358103
1497897176774 4999.483874492783 4989.747643676228 5006.796084457822
1497897177507 4999.551499428247 4989.512389802292 5006.845288440877
1497897178256 4999.534624790149 4990.613596560858 5006.524811707481
1497897179031 5001.4250627580595 4992.529687899885 5008.976180773454
1497897179730 5001.22456296419 4993.576268657299 5010.053480975234
1497897180273 5001.040411154793 4991.904513719443 5009.319456577277
1497897180764 5001.538114436578 4992.544042201462 5008.579779679341
1497897181239 5000.090343559414 4991.435782180986 5007.702610501273
1497897181705 5000.360269938022 4991.979627734633 5007.486797245372
1497897182114 5001.0059280354935 4993.302789553306 5008.4451982234
1497897182752 5001.85950830896 4994.498281510733 5009.150311848625
1497897183400 5002.5050452622345 4995.353584296001 5009.1252694516525
1497897184076 5001.736155840143 4994.365937568833 5008.891293804496
1497897184928 5002.656789132778 4996.03440722518 5009.168213001704
1497897185685 5002.585203400632 4996.8753087989835 5008.771384438324
1497897186376 5001.8269463567385 4995.6044722461265 5007.415034439017
1497897187168 5001.868558622971 4995.1462195453305 5008.0001633166585
1497897188294 5001.503465158467 4995.159909068292 5008.081004852826
1497897189051 5001.0573944904945 4994.816628102076 5007.961745141447
1497897189561 4999.606328946969 4993.529218048668 5005.52995428146
1497897190053 4999.361320226002 4993.291289535348 5005.615968534795
1497897190678 4998.7000670571715 4992.918980948034 5004.650255019383
1497897191165 4998.762378900093 4993.115270497014 5005.258144928406
1497897191864 4998.666649593444 4993.264869109615 5004.9515880360195
1497897192690 4998.848692792045 4992.798317419078 5004.62799592234
1497897193528 4998.575435514341 4992.71523511173 5003.913809502339
1497897194241 4998.092944619257 4992.391681787285 5003.807175340788
1497897194777 4998.519931810654 4992.549042146923 5003.743061714562
1497897195432 4998.658837659646 4992.991509722081 5003.501554627965
1497897196016 4998.528775306465 4993.174575256308 5002.831466555369
1497897196904 4998.213643582502 4992.658809074979 5002.896909362922
1497897197805 4998.026026196922 4992.62596436376 5002.382077331102
1497897198600 4998.252835247685 4992.3888355767385 5002.784017997012
1497897199151 4998.241313772097 4992.433794186567 5002.526903172103
1497897199872 4997.724458865036 4991.92769716976 5002.420205271727
1497897200484 4997.455484904125 4991.564130503055 5001.983739476179
1497897201610 4997.569299387525 4991.8590265623925 5001.932964621911
1497897202830 4997.872352457879 4991.565277646141 5002.108874120181
1497897203507 4998.131371112927 4991.953425244856 5002.188185171855
1497897204102 4998.384707970736 4992.369182553564 5002.675142752535
1497897204745 4998.422137199968 4993.106071053883 5002.777673137747
1497897205830 4998.674707948662 4993.248837659428 5002.562124486374
1497897206956 4998.177096707004 4992.80775186985 5001.744445020717
1497897208085 4998.557703848318 4993.396643789885 5002.01990208754
1497897208928 4998.871389388984 4993.899063740849 5002.2892276957655
1497897209564 4998.138937060824 4993.425397859379 5001.41761707963
1497897210533 4997.9775882483 4993.326201209017 5001.373952602019
1497897211626 4998.126678540926 4993.705367831957 5001.345075108459
1497897212376 4997.733894209017 4992.979189010462 5001.070551829223
1497897213096 4997.682328275749 4993.013400867068 5001.249393566882
1497897214156 4997.82893880382 4993.198306884079 5001.34037969934
1497897214993 4997.968584496871 4993.195350599585 5001.272013230839
1497897215720 4998.117493526078 4993.4650705821805 5001.533794575412
1497897216879 4998.0556437658515 4993.513569117423 5001.53277539806
1497897218283 4997.834837175315 4993.292803129566 5001.380380731202
1497897219641 4997.3217835981495 4992.757102614055 5000.888758818025
1497897220491 4997.380803420708 4992.924427161662 5001.001198576922
1497897221419 4997.3272437422775 4992.7824749830415 5000.71278259836
1497897222929 4997.531296709675 4993.181019921718 5001.004111534657
1497897223894 4997.843439331573 4993.364691623694 5001.2375409116985
1497897225049 4998.314819075065 4993.893444696329 5001.705302738557
1497897226338 4998.194959324609 4993.842706079457 5001.618745402727
1497897227756 4998.256283315926 4993.851671688096 5001.478727758796
1497897228927 4998.247731592275 4993.370140727096 5001.348621426382
1497897230120 4998.026352877506 4993.511604839807 5001.030337591329
1497897231513 4998.36255364555 4993.807378639905 5001.344302829352
1497897232561 4998.175155115669 4993.605999707671 5001.031203324132
1497897234225 4998.176689093011 4993.70512407636 5001.010587225956
1497897235904 4998.022606502171 4993.502570565543 5000.905410758206
1497897237265 4997.938814385468 4993.321692448382 5000.7859424240005
1497897238756 4997.7144939406735 4993.287808828941 5000.942256024042
1497897240592 4997.520802229012 4993.089176462934 5000.6969944775165
1497897241847 4997.726890648702 4993.453394110311 5000.728735560822
1497897243832 4997.629892756931 4992.947127567866 5000.486681558164
1497897245837 4997.799801698919 4993.175870617048 5000.666569039502
1497897247426 4997.888341943701 4993.434762481192 5000.581971734164
1497897249329 4997.746936414951 4993.421718973376 5000.60478973011
1497897251135 4997.820135744675 4993.4646958232315 5000.768297508596
1497897252943 4997.769982227397 4993.572730735974 5000.819883700287
1497897255345 4997.6682879859045 4993.321590960513 5000.8345432843
1497897257595 4997.7845944315995 4993.706196023366 5000.994369751868
1497897259229 4997.877968697249 4993.820174430688 5001.119447818129
1497897261218 4997.67690454708 4993.587634126755 5000.8056849590275
1497897263209 4997.475251053231 4993.585837669508 5000.358484811132
1497897264957 4997.485629950581 4993.287100435645 5000.40649472778
1497897267200 4997.577122127142 4997.577122127142 4997.577122127142
