1497897237241 5030.506231859314 4990.010690402185 5067.542333186037
1497897238610 5013.058723150103 4990.155927134312 5038.64637440266
1497897239964 5005.408061151918 4985.266105097765 5027.602339408287
1497897240679 5000.786811288155 4980.516859742455 5019.36294269443
1497897241851 5001.8158206841235 4984.387697344932 5020.27394322328
1497897243786 5005.503890090285 4991.8106744566985 5021.548732901536
1497897245754 5005.562567829061 4993.1116641720155 5021.4573881011565
1497897247257 5006.351751172305 4994.602129958511 5018.686166818091
1497897248715 5008.964946581406 4998.7315868910555 5021.858865649053
1497897249729 5006.909343062579 4996.869713819756 5017.578092332274
1497897251149 5005.765105365031 4996.9784803480525 5015.822505175704
1497897252904 5006.781727188002 4998.2360546295795 5017.130559479929
1497897255202 5005.482812019276 4995.873784368226 5014.714831558062
1497897257467 5002.830225417094 4994.6708188160555 5012.100232536698
1497897258823 5002.8044591371645 4994.501319465372 5013.202250307727
1497897259291 5002.330135181786 4994.294550792211 5012.726747840807
1497897261217 5002.681064724907 4993.884504438506 5012.079544629218
1497897263208 5003.417055813043 4996.000074265215 5012.239313164534
1497897264812 5003.759064829099 4996.311059466152 5011.663614971741
1497897267042 5004.343573899147 4997.318477150332 5012.713268331044
1497897268960 5002.57020483933 4995.413441231718 5011.126513677441
1497897270174 5001.693650763167 4993.911042748658 5009.732240345418
1497897271354 5001.066344084828 4994.539000247194 5008.976905095467
1497897272599 5000.739051331646 4993.493682719767 5007.553601222053
1497897273897 5000.47026166999 4993.0034435324615 5007.49794112865
1497897274816 5000.995894740796 4993.975888207801 5007.750030814993
1497897275732 5001.572309126364 4994.662388445508 5007.982928507123
1497897276787 5002.166332126485 4995.407967368854 5008.406679345449
1497897278659 5003.631828289252 4996.607039831976 5010.125299603337
1497897279860 5003.05089891918 4997.082138399616 5009.399523176865
1497897281083 5001.508047007206 4995.4817519114895 5007.480362935544
1497897282575 5000.665322718318 4993.548443298036 5006.999018717705
1497897284102 5000.2252273898985 4992.359107588111 5006.516967440411
1497897285013 5000.038651458285 4992.373754136218 5005.699253198812
1497897285925 5000.707710980453 4992.383145831374 5006.514604036365
1497897286770 5001.726729420581 4993.873777053914 5007.205323749365
1497897287316 5001.669680934829 4994.422933066833 5007.613185136377
1497897288095 5000.770026655832 4993.308265025739 5005.934827171051
1497897289199 5000.851007296853 4993.625587933388 5006.144585220771
1497897290804 5000.847023933745 4994.201525413331 5005.882722864666
1497897292273 5000.893062161649 4994.700234081002 5005.823495974123
1497897293568 5000.7997750881295 4995.160813924126 5005.359225392746
1497897294368 5001.301089949073 4994.941789474957 5005.977521977845
1497897295135 5001.384872993457 4995.032435914119 5006.124773604323
1497897296045 5001.509160846801 4995.528151767884 5005.914375948072
1497897297576 5000.898597794797 4995.078481526576 5005.226687202346
1497897298684 5000.667523232261 4994.897947144186 5005.111847825994
1497897299699 5001.306314538312 4995.969020976989 5005.899785971166
1497897300520 5001.214087286598 4995.690237561095 5005.852152889153
1497897301718 5001.49559298018 4996.169276243835 5005.940367027064
1497897302924 5001.3471488614905 4996.163801906463 5005.881872928282
1497897303499 5000.748230289052 4995.453649359739 5005.567830137416
1497897304255 5000.582136945984 4995.006006333506 5005.512277560405
1497897305043 5000.959371734989 4995.309879014393 5005.4271208984765
1497897306150 5000.656912651766 4995.3190982552105 5005.023213373736
1497897307549 5000.477413068418 4995.011763711531 5004.874232860077
1497897308963 5000.281476204947 4995.029172572084 5004.448792276251
1497897310235 5000.45971153169 4995.357385606897 5004.648829973453
1497897311172 5000.222131267533 4995.593615481124 5004.401741384437
1497897312121 4999.299070015578 4994.312074390511 5003.590294504423
1497897313415 4999.868319698439 4994.869135364759 5004.184460799876
1497897314804 4999.197908513023 4994.484554000752 5003.429949515258
1497897316025 4998.62866388481 4993.820611138992 5002.68802554531
1497897316806 4998.685886735891 4994.052607197108 5002.760904618972
1497897317657 4998.93310231857 4994.148938194504 5002.948219569646
1497897318388 4998.823178958034 4994.024770313101 5002.703041197336
1497897319367 4998.332711623806 4993.62431725514 5002.077221980061
1497897320544 4998.271725417155 4993.639672093603 5001.992292689381
1497897321330 4998.106484457226 4993.714567411565 5001.815664215412
1497897322053 4998.038072361559 4993.737239204806 5001.615594304051
1497897322789 4997.984737841702 4993.95690483083 5001.5397710729685
1497897323794 4998.015386105898 4994.116046517123 5001.406155192678
1497897324814 4997.977635000059 4994.009140204417 5001.104666866712
1497897325771 4998.255663174895 4994.300978528182 5001.197610146837
1497897326670 4998.28545881654 4994.645837890407 5001.278916919523
1497897327557 4998.235421980258 4994.616911569894 5001.540888327117
1497897328471 4998.284744192994 4994.60249401841 5001.069397204069
1497897329066 4998.567217960525 4995.196512586831 5001.586742100986
1497897329652 4998.703486630231 4994.983949051902 5001.678033847825
1497897330281 4998.769085630173 4995.017079413936 5001.800567989841
1497897330899 4998.58706534334 4994.994049031089 5001.621706203321
1497897331937 4998.642783095307 4995.1621838976525 5001.810188925419
1497897332852 4998.2142460840105 4994.766359344781 5001.869115796968
1497897333629 4997.987526274122 4994.6593005090945 5001.388482100575
1497897334402 4997.4282221911135 4993.899124255407 5000.769558112212
1497897335219 4997.644767132689 4993.956059284635 5000.941556606214
1497897336120 4997.61470868033 4994.038516012017 5000.88552513077
1497897336621 4997.972251326553 4994.161519292717 5001.289618870533
1497897337150 4997.98340909508 4994.352310024723 5001.4198541671
1497897337674 4998.217063702406 4994.416126461914 5001.620448778903
1497897338217 4997.972531653619 4994.236489381857 5001.25526112065
1497897338802 4998.1801537116835 4994.2713123991725 5001.483802442681
1497897339350 4998.134835320965 4994.1229768568155 5001.630778748896
1497897340193 4998.1970545631775 4993.916110413411 5001.49612909652
1497897340840 4998.083786336456 4993.855705914552 5001.197101523943
1497897341483 4998.002304266457 4993.61511036192 5000.908600675531
1497897342144 4997.778592344702 4993.650568051012 5000.484242921766
1497897342832 4997.547377096198 4993.609524034814 5000.207877424127
1497897343497 4997.394866463258 4993.205384713901 5000.199293134812
1497897344133 4997.577122127142 4997.577122127142 4997.577122127142
