1497641525778 5017.067782855678 4980.8718197708295 5054.296010692988
1497641529038 4998.371260170415 4970.879315643889 5025.211727915627
1497641531830 4995.215834365524 4974.340043090696 5014.699420090028
1497641534798 4992.313071888447 4975.44537823188 5008.171114548028
1497641538140 4995.392802842646 4979.030783108262 5010.731182795699
1497641541470 5000.425767656779 4985.8520656891615 5013.996360767019
1497641545042 5003.096321516808 4990.915680806091 5015.2132318137
1497641548435 5002.835011471657 4989.5318088699405 5014.518976647459
1497641552145 5001.570999562569 4989.698419352029 5012.438783463262
1497641555426 4998.717203694684 4988.393578695034 5009.308840239703
1497641558785 4999.365220757116 4989.750316905183 5009.2112209558645
1497641562455 4996.956011493428 4987.490759243956 5007.421863423067
1497641566062 4996.566706792895 4987.846374678047 5006.245348650597
1497641569452 4996.631830630565 4988.411557992314 5006.016635520249
1497641572991 4995.755569131393 4987.218705527108 5004.399167353834
1497641576876 4994.711171727313 4986.040691020525 5003.156152596242
1497641580329 4994.6919375378875 4986.268528966025 5003.015929259951
1497641584204 4995.5176111693045 4987.493028565641 5003.652912006208
1497641588323 4996.642445375 4988.502861463463 5004.595549639844
1497641592233 4995.495347585358 4987.554895259096 5003.22250682874
1497641596028 4995.496218021068 4987.661059151642 5002.978865020882
1497641600156 4994.864350358178 4987.269398560463 5001.756771771692
1497641604376 4995.136081577516 4987.959958493721 5001.547838384062
1497641608494 4997.269544703819 4989.875745670318 5003.58534154431
1497641612583 4999.679675471917 4993.064727463765 5006.023722549457
1497641616944 5000.093816495411 4993.408565887404 5006.095851454457
1497641620782 5000.073553046077 4992.947063947028 5006.098809722835
1497641625283 4999.955257889975 4993.607502258044 5006.180591232014
1497641629114 5000.809016176692 4994.155688033069 5007.093193438894
1497641632885 5000.78865501523 4994.086388790769 5007.1380368191785
1497641636353 5001.022765198089 4994.530926275693 5007.352983054612
1497641640024 5001.67340582874 4995.672224503396 5007.619978998632
1497641644010 5001.58611423799 4995.432081215048 5007.42584815475
1497641648079 5000.649928592514 4994.22044164484 5006.50502931245
1497641651900 5000.506188782869 4994.266091217713 5006.279772670537
1497641656447 4999.936284726747 4993.478322391327 5005.419800507137
1497641661153 4999.874844557449 4993.613241256768 5005.400422745131
1497641664663 5000.307070801999 4994.133735790406 5005.760642926515
1497641668036 5000.037343956981 4993.96827224277 5005.359502343646
1497641671613 4999.857681694304 4993.891553335811 5005.128078768317
1497641675046 4999.507842885147 4993.834300420938 5004.601987035317
1497641679042 4999.61942873302 4993.695873241591 5004.715797379799
1497641682537 4998.907420135455 4993.235442266259 5003.864515372913
1497641686324 4999.617188744795 4994.0935080040545 5004.574019357556
1497641690389 4998.841178935606 4993.49694650558 5003.747851269466
1497641694136 4998.891286313789 4993.430652844501 5003.706842545826
1497641697858 4999.638987243578 4994.317153787656 5004.429593169869
1497641702229 4999.4204951403935 4994.207069234966 5004.236141875557
1497641706590 4999.699601167154 4994.726933935335 5004.340226388889
1497641710922 4999.6357825565465 4994.458388012599 5004.257307241865
1497641715290 4999.686395428407 4994.525073968029 5004.1834887831055
1497641720492 4999.338270553394 4994.190606836219 5003.934319935161
1497641725048 4999.1833540288835 4994.0550777959525 5003.814892309207
1497641729694 4999.441288924827 4994.259825410616 5003.886293423947
1497641733842 4998.611529177482 4993.451868814031 5003.167769159269
1497641738938 4999.0928686823645 4993.72939000874 5003.403238671255
1497641743572 4999.386311813709 4994.277329402095 5003.390809413595
1497641748161 5000.0736102579785 4994.725646307846 5004.168167792437
1497641753076 5000.199336019328 4995.003335254986 5004.330854286355
1497641757620 4999.78918211688 4994.718733406858 5003.781476067946
1497641762375 4999.668279751549 4994.6261448275945 5003.615520524064
1497641766409 4999.410070740885 4994.488987022894 5003.494944732524
1497641770571 4999.1520411057445 4994.435569697987 5003.313476556576
1497641774358 4999.136275507742 4994.5722285285165 5003.283437657288
1497641778151 4998.988442303782 4994.214289768859 5003.0832581384475
1497641782351 4998.979702083655 4994.308986724351 5003.134509717314
1497641786597 4999.394451193362 4994.639699474606 5003.284495511379
1497641790856 4999.0385601774215 4994.436022881261 5003.068154854042
1497641795545 4998.712239351959 4994.2638406222195 5002.767188579067
1497641799658 4998.905243081734 4994.39213741528 5002.955169555574
1497641804201 4998.741644109346 4994.191217339713 5002.7936505067555
1497641808942 4998.872766027428 4994.389859203252 5003.018189384119
1497641814051 4998.8951873329825 4994.483083903785 5003.04171924866
1497641819542 4998.979133117307 4994.335339470898 5003.109158566372
1497641824552 4999.098522217989 4994.65421155085 5003.0679743729925
1497641829229 4999.253639116821 4994.856953352918 5003.134469830414
1497641833997 4999.163513926235 4994.780832402465 5002.915652978105
1497641838778 4998.9687940099675 4994.412142630491 5002.706361509434
1497641843496 4998.737329468421 4994.204262211621 5002.569319304186
1497641847869 4998.414399467585 4993.806948948635 5002.277550321997
1497641852119 4998.394902613921 4993.796305722495 5002.168642758216
1497641856975 4998.410117538308 4993.843513138424 5002.15697529082
1497641861880 4998.11072068701 4993.541551090662 5002.029693554182
1497641866085 4998.0012020175445 4993.824501038507 5001.744962382881
1497641871390 4997.931118706969 4993.7521078012105 5001.71789816285
1497641876265 4998.052419618368 4993.839674747948 5001.948589159129
1497641880816 4998.11097076567 4993.965238279345 5002.001103103613
1497641885930 4998.0748970033255 4994.14550102578 5001.835948886257
1497641891216 4997.996837342257 4994.005984510353 5001.8617178002105
1497641895968 4998.000215288196 4994.135014020009 5001.856740090385
1497641901488 4997.9433912133445 4993.950541240379 5001.809058569322
1497641905857 4998.058477581223 4994.292298833422 5001.908761726425
1497641910068 4997.9650233869415 4994.020241945985 5001.759304853249
1497641913938 4997.8670367884915 4994.041559200131 5001.650002519665
1497641917588 4998.079100852519 4994.18304183179 5001.75516790354
1497641921083 4997.880888175445 4994.100841188514 5001.5749683152
1497641924486 4997.881711326617 4994.117189396816 5001.699594516084
1497641927987 4997.574349535274 4993.830911473476 5001.436266029266
1497641931416 4997.647274488722 4993.811386707696 5001.481539516253
1497641934419 4997.575980863287 4997.575980863287 4997.575980863287
