1497642109462 5025.82944544134 4989.479352832343 5061.511387900356
1497642113624 5015.801425705383 4989.546825611848 5044.068548919502
1497642117415 5003.818521640435 4981.52031794955 5025.497672576056
1497642121927 4998.426539980784 4979.495743620966 5016.826508699705
1497642125971 5003.068386655846 4986.8498735069015 5018.4275986743
1497642130147 5008.149611482518 4993.254759624802 5021.408242154229
1497642133712 5009.824979005973 4996.088322409357 5021.998885142789
1497642138279 5007.759434063 4995.213384659556 5019.226077854466
1497642141659 5008.360345139066 4996.694907692307 5019.956876676598
1497642145543 5007.827965439333 4997.037961660085 5018.658140283831
1497642149352 5005.370128009028 4994.5762713176355 5015.821522375087
1497642153391 5006.51634956237 4996.132849936175 5016.6282598079515
1497642157119 5006.5140235698145 4996.133587960955 5016.113428015171
1497642160754 5004.880273382106 4994.876007705072 5015.082586897161
1497642164057 5006.90950959288 4997.161309470928 5016.764949562474
1497642167772 5006.647100229494 4997.615811744891 5016.710037959432
1497642171367 5006.856015875978 4997.571221277024 5016.210504674386
1497642175207 5007.325881155874 4998.298821860953 5015.80545610345
1497642178890 5006.592094420986 4997.909923301911 5016.138292889956
1497642182639 5006.133354264381 4997.432088395256 5015.083382738282
1497642186671 5005.650424667312 4997.064101988598 5014.82177210641
1497642190769 5002.221101728255 4993.992611200355 5011.519643156101
1497642194508 5001.537684698658 4993.604707176108 5010.234665990808
1497642198595 5000.6736112594235 4993.082007585335 5008.911504611458
1497642202712 5000.532515748308 4992.984565523342 5008.477821604937
1497642206855 5000.338074833785 4992.841526864928 5007.703461660235
1497642210980 5000.251489151596 4992.9970527397045 5007.979763069741
1497642214663 5000.47398123996 4993.49560234669 5008.426813658147
1497642218051 5000.336623826611 4993.150328048791 5007.607411756646
1497642221612 4999.969535020801 4993.3896877243005 5007.269599713966
1497642225310 4999.77225392641 4992.943945334469 5007.33168426709
1497642229413 4999.586201520588 4992.908106966098 5006.99103641152
1497642233797 4999.637260475723 4993.207185428169 5006.891018900261
1497642238259 4999.885317683723 4993.573950917657 5007.041234813486
1497642242695 5000.708110354572 4994.443854625913 5007.569027414727
1497642246573 5000.610448659438 4994.464395075891 5007.1752046827305
1497642250630 5000.197793054194 4994.06485296233 5006.665406946898
1497642254754 5000.814720907584 4994.734041411963 5007.1806645678935
1497642259278 5000.848689499164 4994.755764915906 5007.112663773431
1497642263569 5000.668479279955 4994.4718034215975 5006.8537712561765
1497642268320 5000.588875642997 4994.536525427849 5006.427241305268
1497642272501 5000.198185480599 4994.371255052986 5006.069978193411
1497642277164 5000.536731826932 4994.765104885449 5006.036928884299
1497642281695 4999.503600262769 4993.561447087543 5005.037634878807
1497642285773 4999.489941483001 4993.552464837583 5004.9434994488
1497642291159 4999.718323659597 4993.956005992019 5005.3380483946785
1497642295748 4999.77418322861 4993.919421484227 5005.4891078092505
1497642300981 5000.034327152697 4994.215551869429 5005.908371538532
1497642305254 5000.106671553 4994.237133315219 5005.788086818042
1497642308633 4999.981991886482 4993.956605482954 5005.564743010954
1497642313098 4999.829803491772 4994.152742282641 5005.47121832266
1497642316339 5000.14622376574 4994.540887714507 5005.832154146841
1497642319981 4999.9289011613255 4994.355455862361 5005.706182470572
1497642324314 5000.085809253258 4994.630998101071 5005.727657679131
1497642328756 4999.242316142678 4993.648836468019 5005.008871139131
1497642333577 4999.03060902412 4993.50012973534 5004.438540496474
1497642338191 4999.398139230142 4994.075183549164 5004.842613011036
1497642342583 4999.261781356979 4993.88625556985 5004.5313438171615
1497642347377 4999.577387005716 4994.540167241884 5004.841984045944
1497642351598 4999.901997759339 4995.008054816548 5005.087288805141
1497642355840 5000.271123645849 4995.18633767486 5005.335512272224
1497642358929 5000.308560430614 4995.36996404372 5005.301007613519
1497642362701 5000.580863094374 4995.681099084785 5005.552742459318
1497642367033 5000.417163603746 4995.479480489174 5005.493293224665
1497642371681 5000.477384346091 4995.512516680228 5005.6926218376675
1497642376345 5000.9318186380815 4995.933844271468 5006.086943991761
1497642381010 5001.2259160067315 4996.309723353447 5006.201104426876
1497642385728 5000.672192348222 4995.640774532401 5005.414007665747
1497642390715 5000.702954958034 4995.4889131577265 5005.416925603469
1497642395590 5000.380295075819 4995.52680916529 5005.135849034074
1497642400416 5000.143344510177 4995.355906756191 5004.957306693685
1497642405223 4999.975803427193 4995.34487320058 5004.648241167055
1497642409545 5000.035581673785 4995.503610003757 5004.7454762856
1497642414877 4999.8647732587815 4995.311015487828 5004.4458849253715
1497642419289 4999.936928317032 4995.378754231521 5004.3170332192685
1497642424205 5000.009255066858 4995.5443863071805 5004.309122385509
1497642427816 4999.772480460224 4995.347839185422 5004.067053118177
1497642431463 4999.739581593604 4995.380222168458 5003.890612143954
1497642434863 4999.889433593308 4995.551109427135 5004.118718362025
1497642439695 4999.737197599634 4995.322819200917 5003.908761931317
1497642444823 4999.114668921979 4994.818213841232 5003.509214030409
1497642449459 4999.35634965722 4995.137095979557 5003.595064775853
1497642454427 4999.554818779975 4995.434035249405 5003.72265131736
1497642458282 4999.132912538667 4995.0798798345895 5003.246679309485
1497642462073 4999.039015857761 4994.79277410074 5003.132571616935
1497642466694 4998.841401056503 4994.854658033973 5002.921193224427
1497642471085 4998.712108307135 4994.7638960051045 5002.813100018738
1497642474901 4998.809073718356 4994.9126973203465 5003.006042064676
1497642479236 4998.733555847818 4994.859190821142 5002.847321704628
1497642482552 4998.763706307088 4994.851102962307 5002.923832889382
1497642485983 4998.98015312303 4995.13912125814 5003.140009863122
1497642489512 4999.054872566152 4995.21801605363 5003.214415772186
1497642492411 4998.972657519758 4995.081362775462 5002.968388144127
1497642495242 4998.932571383171 4995.0673071147585 5002.836299573943
1497642498673 4998.533701335564 4994.64964721135 5002.341087319816
1497642501743 4998.494653643309 4994.65610253856 5002.4440924965
1497642504948 4998.011267808982 4994.25696268522 5001.895223504411
1497642507532 4997.965595528867 4994.224012483981 5001.7856089721945
1497642510232 4997.738982749665 4993.91493657702 5001.500472175421
1497642513968 4997.575980863287 4997.575980863287 4997.575980863287
