1498506483789 4967.094323516859 4837.732649366325 5072.402837997635
1498506484377 4980.327560401967 4887.769251626898 5057.72643002487
1498506484972 5010.1692093603 4944.0970579260875 5075.416676814006
1498506485476 4988.58756941478 4932.543557582668 5036.247632043666
1498506485964 5010.586642753437 4969.505712179842 5048.946421526079
1498506486421 5020.311401168672 4975.245174146059 5062.437766819219
1498506486935 5012.329795134443 4962.313744891216 5050.531668783808
1498506487314 5003.215855740504 4951.8435664093995 5043.273804756947
1498506487674 5004.754470344227 4958.939702550054 5031.158429327978
1498506488034 5001.850360756522 4955.652871232372 5027.223798825431
1498506488405 4996.6088336837065 4954.768893834538 5022.934513430066
1498506488784 4987.750059827014 4946.38702172908 5017.101889322856
1498506489121 4994.897371784186 4954.579126896041 5020.8264068528915
1498506489533 4991.901393033975 4951.553523973084 5013.498128099732
1498506489919 4990.40628926517 4953.182964630719 5013.514008482201
1498506490295 4994.8052314897905 4958.665940253658 5018.053317708333
1498506490671 4994.065142432309 4959.571973183188 5014.2006350958445
1498506491043 4997.7413198524855 4963.836734601797 5019.054825587674
1498506491420 4996.982630135113 4968.255081235181 5018.161126950391
1498506491886 4997.0214261300525 4966.15724887776 5017.559501666279
1498506492293 4993.863551689368 4962.252839858165 5014.0199268185515
1498506492695 4990.1211664174325 4961.130790989763 5012.1899020020965
1498506493111 4989.997137645094 4960.58863731713 5011.439448559997
1498506493499 4988.639390483026 4961.621624060014 5009.123077366311
1498506493881 4987.640839896807 4962.914064050518 5008.547281238747
1498506494249 4986.976287100798 4960.463796296296 5010.377745927025
1498506494823 4986.937580096715 4958.614841579157 5009.214195159884
1498506495212 4985.0385325413445 4961.107992023317 5007.47073638932
1498506495637 4985.375706238835 4959.80369872408 5004.113645080701
1498506496048 4986.186981621465 4964.467946428572 5005.106251164225
1498506496456 4988.468697383828 4967.693252364109 5009.803944129156
1498506496840 4989.526432066321 4966.227619717929 5009.153213434228
1498506497236 4990.356162393163 4968.3333571428575 5008.4201411028
1498506497596 4990.678108415304 4967.028995903488 5007.721342618188
1498506497966 4992.731256035758 4969.869996571139 5010.614303002363
1498506498341 4992.555139595806 4970.546325892858 5010.710989540798
1498506498721 4990.941428815587 4969.657622867248 5007.505975064691
1498506499115 4990.439054922988 4970.329299107143 5007.414535501413
1498506499578 4992.471972519397 4973.3246259343705 5011.67043224661
1498506499983 4993.468898458594 4974.133457700394 5012.580113128557
1498506500398 4992.589816112383 4974.9276759259255 5011.505862774616
1498506500799 4992.088174101021 4974.983595 5011.712008514091
1498506501311 4990.339623205869 4973.77267 5009.493671695533
1498506501702 4991.549940602859 4973.889958333333 5009.111316002943
1498506502156 4990.880175018053 4973.922076603521 5009.281237916498
1498506502593 4992.065151715857 4975.668313459031 5008.911925186398
1498506503008 4991.064369888651 4976.3299413554205 5007.709459763249
1498506503533 4990.209442426832 4975.5239375 5005.396401058512
1498506504031 4992.474070055068 4978.01026464944 5006.847671294091
1498506504497 4993.630495151023 4979.758981481482 5005.872596863884
1498506504961 4994.483885024864 4980.06253424383 5006.334151138935
1498506505429 4993.477790167604 4978.56062962963 5005.5114741843145
1498506505886 4993.7279570719365 4979.142456020932 5007.9680281309165
1498506506366 4993.513547460972 4979.533898148148 5007.035939655172
1498506506947 4993.701429920237 4980.388430469903 5006.75563362069
1498506507436 4994.713811503249 4978.833199074074 5008.033747264367
1498506508004 4993.389683797675 4979.339449074074 5007.354010200719
1498506508636 4993.579292519332 4979.809869890452 5006.518051390603
1498506509211 4993.367725342425 4978.812808035715 5006.410519481797
1498506509705 4993.633653891341 4977.497101196441 5006.796653600429
1498506510204 4994.742046134131 4980.404934420419 5007.605155790711
1498506510652 4994.466469600728 4980.938598214286 5006.60790000897
1498506511125 4993.994002255562 4981.067392857143 5005.7952949318205
1498506511644 4993.510196497224 4980.654741071428 5004.892810764631
1498506512105 4992.924261128458 4980.021071428571 5004.053643952829
1498506512648 4992.823189693469 4979.095013392857 5003.693025734844
1498506513090 4993.122550275941 4981.047464285714 5003.780774566746
1498506513468 4993.763122148752 4981.205680469873 5004.444766562468
1498506513845 4994.778063022464 4981.831330357143 5005.624193210797
1498506514245 4995.592304209663 4981.238348214286 5007.408755039978
1498506514605 4996.459394472608 4981.933652634419 5008.240391555588
1498506514996 4996.0304033277525 4981.662790178571 5008.357132311371
1498506515362 4995.808583423376 4981.341964285714 5007.942203817069
1498506515725 4995.489250939529 4981.430304603107 5006.573165769431
1498506516074 4995.6365119288075 4982.949766672478 5006.962720506422
1498506516454 4996.847534340747 4983.959731481482 5007.85737924665
1498506516909 4997.916739260398 4984.604310185186 5008.245160110846
1498506517369 4998.681110902352 4986.656236111111 5008.998113418709
1498506517970 4998.723334301184 4986.73475 5008.69012707305
1498506518527 4998.438548774136 4986.884143518519 5008.579027199672
1498506519055 4998.379396920554 4987.1956666666665 5007.73906408643
1498506519607 4998.849672923534 4986.522846131754 5008.768300778306
1498506520137 4997.973096793476 4985.56546915386 5007.89884718842
1498506520608 4998.397088775689 4987.939591480648 5007.20745355406
1498506521100 4998.170031168609 4987.6408470005745 5007.27489081774
1498506521588 4998.0182791704565 4987.775790726823 5006.709758121238
1498506522188 4999.171842305294 4988.912783256399 5009.2172235420985
1498506522705 4998.849391467737 4988.202952300518 5009.187205501686
1498506523254 4998.421651192784 4987.708087765176 5008.079196327461
1498506523774 4998.929274594802 4988.689574074074 5008.432742871627
1498506524318 5000.170962547888 4989.4648976892395 5009.140534246512
1498506524852 4999.839322094706 4988.754611227278 5009.24301731573
1498506525385 5000.763586817242 4989.389889502024 5011.062117894617
1498506525930 5000.265875066738 4987.991055555555 5011.035332036001
1498506526411 5000.766733014975 4988.223259259259 5011.342438276157
1498506526887 5000.687085406745 4989.121412037037 5010.875460376054
1498506527420 5001.117438756114 4989.805175023958 5011.0214064958955
1498506528000 4999.804638944063 4987.744986111111 5008.999587607364
1498506528519 4998.74245427285 4986.782953703704 5008.608563546387
1498506529028 4997.575980863287 4997.575980863287 4997.575980863287
