1498514783249 4983.396372946448 4948.118124738384 5020.265941436986
1498514785464 4986.840705887374 4957.433763861155 5012.1046033133625
1498514787113 4981.519748899472 4959.340342591781 5002.165660992415
1498514789337 4985.856627650153 4965.504283912495 5003.554457145924
1498514792098 4983.680617680199 4965.872941496044 5001.206196544499
1498514793773 4986.76132386262 4969.370687478168 5000.91312975949
1498514795903 4989.081735307926 4973.317913538468 5003.1068451911115
1498514797613 4989.2044135703545 4975.611904021221 5001.811037811589
1498514800116 4987.59114617232 4976.1609697309195 4999.524940971344
1498514802233 4991.481714785652 4979.99652100376 5002.626318179525
1498514804188 4994.308091844138 4982.897281710945 5005.326404893796
1498514806579 4994.257233956833 4983.8755233771935 5004.807635171295
1498514808322 4993.215218748653 4983.211552425132 5003.301498050482
1498514810650 4994.881186910287 4985.340739497688 5004.564383800989
1498514812543 4994.38234902474 4984.3245679109095 5004.23834348537
1498514815397 4993.288181556288 4984.148460706952 5002.461462534981
1498514817321 4994.353572609884 4985.875045981436 5003.572901725455
1498514819257 4994.699563001194 4986.204389218123 5003.146506944686
1498514822151 4996.294464283504 4987.937413551587 5004.447472276199
1498514824019 4996.673828333397 4988.681776009747 5004.8256864867635
1498514825987 4995.941831547419 4987.966566152068 5003.699588754353
1498514828256 4995.821791132428 4987.825683259792 5003.619566490332
1498514830353 4995.691613004555 4988.03915129642 5003.155139951823
1498514832519 4994.8157045194785 4987.37120382967 5002.3852261959
1498514834422 4994.4262606569855 4987.479110290198 5002.0738845767255
1498514837005 4996.093937122873 4988.967623714598 5003.5991928826925
1498514839006 4995.749758433488 4988.794141461962 5003.364339321968
1498514840868 4995.197843409232 4988.420671369568 5002.278513236134
1498514843209 4994.262549982907 4987.684712881521 5001.476048535593
1498514844964 4994.172967597651 4987.397848200905 5001.304487451779
1498514847485 4994.924824609249 4988.419884581641 5001.78124299559
1498514849443 4995.13770194866 4988.483042534622 5001.855913003496
1498514851521 4996.615192359646 4990.198125272112 5003.341378964058
1498514853857 4996.482480351507 4990.319576379478 5003.176599327653
1498514855991 4996.909338178304 4990.821459904544 5003.580388154391
1498514858297 4997.741640169864 4991.796489591783 5004.045909959513
1498514860919 4997.695754845825 4991.870657382385 5003.821604903168
1498514863190 4997.981392629265 4992.628152443296 5003.886617279665
1498514865206 4998.457515413749 4993.04281617632 5004.253867750014
1498514867728 4997.828250171786 4992.4624408481495 5003.538378205045
1498514870300 4997.110023298881 4991.600349542599 5002.546941590687
1498514872347 4997.410667307433 4992.132673990179 5002.908923431057
1498514874207 4997.346714610386 4992.189999995565 5002.686892681806
1498514876634 4997.320903163411 4992.050597845546 5002.6192740656925
1498514878710 4997.573316261203 4992.4460862919705 5002.9582686727135
1498514880732 4997.322240508479 4992.309859214354 5003.005980361773
1498514883205 4997.424156985665 4992.521698304698 5002.831399747634
1498514885764 4997.688682647637 4992.707381109651 5003.017055531703
1498514888116 4997.239844883026 4992.522609943378 5002.382318962668
1498514890450 4997.75036213977 4992.831108915271 5002.939298090603
1498514892504 4997.711479439952 4992.758463853913 5002.940813749165
1498514894573 4998.286134500945 4993.569237904442 5003.774628297866
1498514896698 4998.606497352131 4994.1251462962055 5003.890622266708
1498514899300 4998.855514070705 4994.481562007461 5004.146462485953
1498514901690 4998.902121402887 4994.220461578886 5004.00688702499
1498514904293 4998.748215231532 4994.113854198962 5003.81735546712
1498514907159 4999.008064801809 4994.31760454873 5003.916832603896
1498514909170 4999.147367261953 4994.28083258286 5004.093490954852
1498514911390 4999.1742067379 4994.251434862934 5004.265302427192
1498514913880 4998.915125524271 4994.119003191496 5003.880656369288
1498514916404 4998.959891267884 4993.920683044902 5003.841511344505
1498514918656 4999.07819320133 4994.26871020067 5004.035677230701
1498514921076 4999.028064989462 4994.186503637799 5003.824581108838
1498514923771 4998.906678918614 4993.911285819325 5003.703367818217
1498514926234 4999.001790846538 4993.93845378388 5003.650335602517
1498514928913 4998.943436224802 4993.904382815741 5003.660749703207
1498514931737 4998.870425459087 4993.827641259436 5003.660942883107
1498514934185 4999.157668983184 4994.458324473334 5003.963129818532
1498514937067 4999.1432149823095 4994.560875744609 5004.00922100986
1498514939477 4999.003742578542 4994.377035357783 5003.899296970684
1498514942892 4999.268491507809 4994.607380198662 5004.143209009542
1498514945199 4998.515490405377 4994.151069277865 5003.221035572303
1498514947887 4998.286364358038 4993.821310158767 5002.9121295756895
1498514950782 4998.1620576200885 4993.588727204509 5002.779201803034
1498514953371 4997.632784061397 4993.226472322356 5002.127048859307
1498514956128 4997.629129092602 4993.0943241998175 5001.917086722924
1498514958640 4997.922430555911 4993.338293686863 5002.1260312047925
1498514960810 4998.1010104415855 4993.743681751474 5002.337993973693
1498514963027 4997.737101665148 4993.392742945073 5001.854136066706
1498514965929 4997.715510133007 4993.315606418069 5001.849056914281
1498514968131 4997.65895656479 4993.294149711434 5001.944440583197
1498514970659 4997.888227069495 4993.639534974702 5002.16405489862
1498514973080 4997.824455662578 4993.595236010973 5001.938951669063
1498514975061 4997.989387282664 4993.458448339716 5002.140121253912
1498514977324 4997.972218938257 4993.57740572679 5002.048726992114
1498514979763 4997.907052723856 4993.644500745118 5001.833392796649
1498514982390 4997.832538566432 4993.5183157286065 5001.498148990703
1498514984583 4997.66846448041 4993.371822528022 5001.475265918504
1498514986961 4997.961009645158 4993.911628403604 5001.763075923298
1498514988825 4998.168280165341 4994.086694237221 5001.946938487037
1498514991430 4998.04478313922 4993.925211192008 5001.946101695638
1498514993446 4997.937613660856 4993.970794038444 5001.826864865321
1498514995904 4998.257565689092 4994.338207776389 5002.119783795227
1498514998048 4998.076820514834 4994.032321934172 5001.93009750781
1498515000649 4998.287867710607 4994.294281376626 5002.083625256611
1498515003066 4998.2615214094785 4994.246047098053 5001.993702034066
1498515005317 4998.106827960225 4994.042805551122 5001.719609479166
1498515007861 4997.744643102549 4993.725317464056 5001.378992923125
1498515010258 4997.627614960974 4993.555720726344 5001.288820375392
1498515012599 4997.577122127142 4997.577122127142 4997.577122127142
