1497975593716 4997.748698250107 4959.809847998287 5034.947211452431
1497975595750 5013.603888343506 4987.570898130351 5038.312584162287
1497975598036 5008.77004720152 4990.147106611094 5028.103374357245
1497975600383 5005.0137753686595 4988.001230808408 5023.22786705051
1497975602307 5012.290915454483 4995.784554397043 5026.435060719634
1497975604601 5004.829334627465 4988.985699694876 5018.349113339145
1497975606574 5003.075699295924 4989.116011363872 5015.9495881651355
1497975608785 5002.903146529905 4989.840328731804 5014.9558564819845
1497975611204 5001.494965688145 4988.996058663591 5012.6014376275225
1497975614329 4998.593231551946 4986.395259882791 5008.7069269510785
1497975616784 5000.478765958609 4989.384343549732 5010.852190011654
1497975619562 5001.01852372723 4990.278671381444 5010.818998385409
1497975622247 5000.642561852959 4990.0789394587155 5010.231997489501
1497975624812 5002.639854700406 4992.4696189561755 5011.67853612952
1497975627515 5001.655995281316 4991.250207425031 5010.671272105055
1497975630172 5000.5069378261005 4991.53289068551 5009.350008163224
1497975632990 4999.112433975341 4990.900615520332 5007.722013694101
1497975635954 4999.050550669958 4990.351589472626 5007.01574629454
1497975639084 4999.199516352964 4991.13392062551 5006.865820897243
1497975641974 4998.722347297416 4990.603920434433 5006.125030660184
1497975644839 4998.571111462979 4990.64071309811 5006.222110931004
1497975647161 4998.607700879758 4990.521815554906 5005.955451343256
1497975649387 4997.717167940658 4990.402699449815 5005.405681878074
1497975651985 4997.795810465855 4990.432301799677 5004.983474252317
1497975654486 4998.367747706837 4991.133918391917 5005.295146830078
1497975657333 4998.495025671887 4991.52900582087 5005.585608469231
1497975660084 4999.768401235669 4993.004364218694 5006.157750175418
1497975663055 4999.133101579172 4992.454112373699 5005.631257928339
1497975665760 5000.255704899645 4993.489954069874 5006.463716770915
1497975668259 5000.62152520953 4993.908764644229 5007.168327181092
1497975670911 4999.724605386202 4993.098391865098 5006.010683459811
1497975674105 5000.065246117141 4993.585914871837 5005.987611344279
1497975676741 5000.305107648498 4993.850439483154 5006.14954499065
1497975679643 5000.1948328043045 4993.756369891751 5006.065717588968
1497975682694 4999.458795796972 4993.052399043907 5005.295997274566
1497975685443 4999.982821066793 4993.620259978407 5005.828211380131
1497975688475 5000.052714536127 4993.936410659997 5005.937376248123
1497975691649 5000.252971414328 4994.3024789753135 5005.984198897787
1497975694482 4999.411165746972 4993.435028131455 5005.05229689764
1497975697409 5000.071116545774 4994.163766294632 5005.774464159402
1497975700003 4999.821741116015 4994.0532745773035 5005.529391623783
1497975702398 4998.857691242318 4993.1256013184975 5004.393558866554
1497975705461 4999.418832317605 4993.454236378578 5004.702529527276
1497975708198 4999.082072438549 4993.253909366607 5004.440546094247
1497975710599 4999.455682539385 4993.876828002724 5004.738978082225
1497975713551 4999.599397526084 4994.1620259214405 5004.622962553755
1497975715941 4999.960903642585 4994.592686965546 5005.074588123471
1497975718464 5000.185342248376 4995.089916702644 5005.2325758305005
1497975721271 4999.750827143274 4994.533354092906 5004.666636430713
1497975724128 4999.451726377914 4994.373598698933 5004.51795058494
1497975726438 4999.146483943194 4994.316162499878 5003.900521144759
1497975728733 4999.224552466126 4994.324465372202 5004.24155581003
1497975731116 4999.328396786856 4994.402866657863 5004.214648684695
1497975733729 4998.937736368467 4993.936889210233 5003.6664732766585
1497975736521 4998.436900612799 4993.783500935181 5003.14961960608
1497975739626 4999.106751725127 4994.473674854379 5003.839750131129
1497975742539 4998.185156415719 4993.535376659657 5002.867317765665
1497975745700 4998.384266327161 4993.777425875785 5003.187671925738
1497975748689 4998.380258198009 4993.620677561065 5002.949385309071
1497975751929 4997.915580632563 4993.390379853449 5002.292233828195
1497975755582 4997.550527423234 4992.816815415591 5002.0263675976485
1497975758705 4997.2808045241145 4992.697846838259 5001.7695262586185
1497975761804 4997.080785455886 4992.587875983851 5001.332057357179
1497975764486 4996.970895346251 4992.379684180714 5001.262200571198
1497975767368 4996.566608152167 4991.999198757756 5000.7909405632245
1497975770031 4996.1894963721725 4991.616841356701 5000.30754044816
1497975772739 4996.339107127614 4991.882829483252 5000.330796561914
1497975775939 4996.638451902578 4992.247965579991 5000.642693327013
1497975778911 4996.865879532039 4992.610479987804 5000.873365646216
1497975781796 4997.080246110037 4992.502058989412 5001.330229314917
1497975784577 4997.620515565161 4993.0992366742485 5001.832986379361
1497975787059 4997.923225580661 4993.493031411675 5002.330310613531
1497975789595 4997.837138820838 4993.4399654052595 5002.131145641594
1497975791945 4997.979094057323 4993.690356329558 5002.264395192163
1497975794550 4997.806962891071 4993.568463959308 5001.902964727406
1497975798033 4997.946634417785 4993.746201067736 5002.040935562684
1497975800835 4997.970487799777 4993.780547105408 5002.07580024335
1497975803061 4998.021489667452 4993.759603767884 5002.155524019473
1497975805587 4998.146873680927 4994.068803989838 5002.246251285981
1497975808109 4997.776636095181 4993.727831728424 5001.843490603479
1497975810936 4997.7190350997 4993.680637163198 5001.889475691582
1497975813706 4997.810732130366 4993.859241589403 5001.913621953188
1497975816664 4997.847829742556 4993.794594155452 5001.759210683753
1497975819510 4997.563150196689 4993.553468653581 5001.448894066638
1497975822774 4997.241417766165 4993.38808923544 5000.91016856955
1497975826025 4997.1281317740495 4993.154674084499 5000.815014127691
1497975829608 4997.252652424516 4993.12720796295 5000.853831119028
1497975832628 4997.349633448013 4993.399846813672 5000.873225456359
1497975835986 4997.549529417188 4993.629184630801 5001.185337299945
1497975839067 4997.725859649482 4993.78842907293 5001.295770892788
1497975842162 4997.841774115693 4993.762639283097 5001.439139678446
1497975844952 4997.890797464843 4993.776839082436 5001.493969021811
1497975847785 4997.495537855883 4993.326647009914 5001.031692713748
1497975850713 4997.678462870063 4993.699199506738 5001.258955679826
1497975853286 4997.471407987599 4993.546070434918 5001.052228755254
1497975855451 4997.559087339525 4993.742220302017 5001.121202823871
1497975858122 4997.727199551353 4993.678628591841 5001.414268224791
1497975860498 4997.55085431528 4993.625088898065 5001.232422524378
1497975862989 4997.5872583117125 4993.530917545608 5001.2989305691535
1497975865711 4997.577122127142 4997.577122127142 4997.577122127142
