1498514725771 4968.920588862812 4933.125346380326 5005.174165760643
1498514728448 4981.989864936949 4956.598652291105 5010.210884057339
1498514730977 4981.587088596791 4961.302269385191 5004.238070572173
1498514733398 4990.293871628543 4974.980902134339 5009.525633586951
1498514735913 4989.524326954265 4975.014425493416 5007.8494938893755
1498514737482 4994.430097862608 4982.0580440304275 5010.121534351334
1498514739175 4993.12253147271 4980.737692760057 5008.232045620623
1498514741432 4994.9122559119705 4982.952061306608 5008.252436158806
1498514743684 4995.011199534982 4983.878316408678 5008.533031881691
1498514746214 4998.466472054355 4987.079626106448 5011.113546537216
1498514747982 4999.705016827746 4988.841034249094 5010.763602193857
1498514749537 5002.580086849826 4992.255809953505 5013.458251332404
1498514751531 5004.711725630197 4994.6541060730415 5015.084263708704
1498514754058 5003.199912763539 4993.43882987099 5012.912067329241
1498514756462 5002.652918003961 4992.442464674857 5012.119984343061
1498514758922 5003.1752066750605 4993.524150865754 5012.435835565878
1498514761309 5004.20850670089 4994.485362501568 5013.087062926341
1498514763536 5003.614097063329 4993.589773011068 5012.644928912513
1498514765279 5003.146487572619 4993.761367761356 5012.244366105717
1498514767482 5003.635124378747 4994.677679661199 5012.4868958411
1498514769122 5002.3196190889175 4993.777376799117 5010.954548396506
1498514771248 5002.661439738455 4994.322177064976 5010.997139829331
1498514773906 5003.1589276271225 4995.082312624229 5011.632825790758
1498514776386 5002.370536747012 4994.160600759946 5010.266068171418
1498514778015 5002.240961510555 4994.769313084974 5009.946444335792
1498514780031 5001.7034319573095 4994.236472036945 5008.817495191323
1498514782686 5001.84763325416 4994.487483394935 5009.479811178573
1498514785022 5002.816742751588 4995.25600352002 5010.159303870551
1498514786725 5002.906463655675 4995.5444959889 5010.307911751512
1498514788732 5001.936869133071 4994.883386509255 5008.663672772434
1498514791554 5001.376496733488 4994.5291825874365 5008.110328439348
1498514793483 5001.483800257018 4995.065883460858 5008.307095770744
1498514795563 5001.795957415388 4995.692870291175 5008.110445949369
1498514797333 5002.203824480551 4996.0017945293785 5008.460865381978
1498514799776 5002.540253913569 4996.636474827484 5008.774384165179
1498514802009 5002.378482263885 4996.328339586787 5008.564789177652
1498514803881 5002.769995236892 4997.184442951262 5009.000925708284
1498514806346 5002.835642052376 4997.212729187261 5008.777782848277
1498514808053 5002.394072194868 4996.840740511753 5008.38044403603
1498514810540 5002.203552147545 4996.637827972698 5008.17323148382
1498514812468 5001.500326719696 4996.097962629475 5007.289165044313
1498514814995 5001.332115523491 4995.8320634717165 5007.182030870789
1498514817215 5000.819791873844 4995.549770648751 5006.7256370096375
1498514819092 5000.860900365514 4995.338116470078 5006.40205668313
1498514822042 5000.59644654127 4994.971884666703 5006.384001085728
1498514823962 4999.807560081724 4993.921565670267 5005.309162551778
1498514825928 4999.504188385366 4993.955559083649 5005.1240200423235
1498514828092 4999.467267912977 4993.888561425582 5004.961854845323
1498514830421 4999.417007894986 4993.9701258965915 5005.225151504851
1498514832665 4999.095679570876 4993.896518389496 5004.1472326123485
1498514834597 4999.4316165866485 4994.362884066027 5004.709439965601
1498514837159 4999.694647519193 4994.596728086008 5004.799101666383
1498514839146 4999.14608151942 4994.006907691192 5004.329110274038
1498514840954 4998.900092573268 4994.006536941898 5003.772695384998
1498514843569 4998.396942137226 4993.330295821468 5003.427117280836
1498514845818 4998.8806884142095 4993.969353777064 5003.850982289236
1498514847869 4998.384866837388 4993.337546160931 5003.3100061325
1498514850020 4998.30936587173 4993.426962685247 5003.028062689577
1498514852017 4998.832501138497 4993.837117989883 5003.692238279789
1498514854686 4998.847457207548 4994.030148246037 5003.7747526883895
1498514856623 4999.008415293923 4994.239650341813 5003.7982875208945
1498514858706 4999.190602382077 4994.569217028373 5003.764236089163
1498514861230 4998.877803148967 4994.32267569709 5003.593263586362
1498514863692 4999.361935934907 4994.698609664532 5003.9103345509975
1498514865924 4999.648493811353 4994.988116494321 5004.22140079926
1498514867973 4998.82575230538 4994.0329716480155 5003.553305178105
1498514870666 4998.806471700183 4993.979300404435 5003.326212726531
1498514873204 4998.8253215524655 4994.1047276599165 5003.322731287028
1498514875439 4998.635475929721 4993.886755508355 5003.091382607613
1498514877399 4998.441519730297 4993.766695339806 5002.785388822918
1498514879614 4998.036226276908 4993.344797837802 5002.518081282593
1498514882478 4998.210763975879 4993.519009401377 5002.521147023884
1498514884843 4997.883090499209 4993.246008372214 5002.189914772068
1498514886943 4998.273247228378 4993.720805103778 5002.549572943559
1498514889234 4998.032169841398 4993.4515487157005 5002.321653594958
1498514891798 4997.817867812756 4993.328293135592 5001.853976269421
1498514894406 4997.821596454523 4993.429172616932 5002.0039033985395
1498514896604 4997.616707055688 4993.190366116448 5001.721676286456
1498514899390 4997.660905230362 4993.217505909518 5001.822912000138
1498514901809 4997.712770293484 4993.179914102589 5001.985629511393
1498514904458 4997.701246361064 4993.179068151255 5001.795159757853
1498514907275 4997.992523474574 4993.590432405979 5002.019785087297
1498514909437 4997.845794061462 4993.646029898553 5001.937005351101
1498514911619 4997.630489866487 4993.461558592265 5001.721947084394
1498514913926 4997.635913953805 4993.3950804335755 5001.826083821975
1498514916646 4997.593406166616 4993.234942122484 5001.8203106799065
1498514918910 4997.658559340624 4993.424112262177 5001.943630897317
1498514921270 4997.741198939852 4993.577611165011 5001.858455033978
1498514923893 4997.824104925455 4993.55221732542 5001.9749446933765
1498514926354 4997.825769183166 4993.693650385483 5001.881037854786
1498514929136 4997.669961639972 4993.669534443809 5001.527641604208
1498514931918 4997.614525943178 4993.6369641369565 5001.338458778982
1498514934470 4997.61151727617 4993.873404992045 5001.281298152092
1498514937225 4997.601950871832 4993.8070884289455 5001.409911882023
1498514939836 4997.7876307051465 4993.887747977704 5001.495596410224
1498514943079 4997.806079325462 4993.916251338571 5001.707118051563
1498514945593 4997.756237268214 4993.821137419027 5001.380768830304
1498514948176 4997.777716698925 4993.878830267867 5001.296884364477
1498514951076 4997.664362835854 4993.795705859371 5001.1854024040185
1498514953608 4997.577122127142 4997.577122127142 4997.577122127142
