1497975566499 4996.736864569551 4960.047093294832 5034.471125683061
1497975568179 5011.4580087504 4986.683331549085 5035.905815437185
1497975570148 4998.376050360984 4979.112689413158 5017.8867445454725
1497975571937 5000.30240623166 4983.688816203556 5016.734888886561
1497975573912 4988.55507939218 4972.7678899319835 5004.448688352571
1497975576126 4991.5159858904835 4976.369234867751 5005.247048062532
1497975578127 4989.825336103053 4975.904711261591 5002.170989524291
1497975580163 4991.096043297652 4978.169037563951 5002.805266436917
1497975581879 4990.425862296336 4978.201223908116 5001.853291566236
1497975584722 4994.676799965857 4983.091135813025 5006.695866583358
1497975586571 4995.574363660186 4984.188128398548 5007.509121613718
1497975588335 4997.031274686415 4985.336027957567 5007.5254403743775
1497975590700 4998.106645703192 4987.655199760019 5007.819930004512
1497975592909 4997.498716230634 4987.032755394147 5006.7787362211
1497975595027 4996.240095036774 4986.248206491278 5005.160993751821
1497975597605 4996.4815172207755 4986.921287519798 5005.222763792088
1497975599779 4996.926233919431 4987.931887890409 5005.459848945258
1497975601704 4998.07812513337 4989.142107135736 5006.175447478137
1497975603864 4995.703734795783 4987.254070338764 5003.337786935768
1497975605867 4996.909832532414 4989.032125804442 5004.576922003687
1497975608484 4995.766361765154 4987.6759382918235 5003.404710652125
1497975610867 4996.137772776022 4987.764965632015 5003.29509090472
1497975613403 4997.107875529941 4988.655626540386 5004.499452871768
1497975615537 4996.291405820895 4988.170458944252 5003.1952696370045
1497975617704 4995.054316393247 4987.0195150192985 5002.0975716698695
1497975620055 4995.302215344512 4987.559174619951 5001.964963343005
1497975622624 4995.5406945604445 4988.074680206651 5002.288917909132
1497975625006 4995.754319200458 4988.75412775715 5002.056155972717
1497975627515 4996.669068859396 4989.585953864714 5003.272657944457
1497975630292 4997.316896629722 4990.01201270819 5003.81437991349
1497975633102 4997.017867637111 4989.93405942507 5003.067617372106
1497975636056 4997.773258811359 4990.946151368293 5003.886441231125
1497975639011 4997.489076066359 4990.70944313562 5003.517912638715
1497975641905 4997.055798251903 4990.391086913614 5003.378598964452
1497975644680 4997.824450455418 4990.921515555695 5003.959105350284
1497975647032 4997.432508976283 4990.668712942991 5003.488108694406
1497975649311 4997.8671363858675 4991.138969694338 5003.870480512149
1497975651946 4998.564108396846 4992.414770648313 5004.717031365861
1497975654594 4998.7524964854165 4992.664663910489 5004.655193648049
1497975657444 4999.442808202954 4992.95895598233 5005.293088055663
1497975660199 4999.926342245574 4993.493917213422 5005.803325708139
1497975663337 5000.588040128001 4994.2226297829275 5006.364319530101
1497975666038 5000.641809753216 4994.278552523259 5006.288695984811
1497975668507 4999.924165751568 4993.57020007984 5005.523568065916
1497975671206 4999.755733166259 4993.61635496883 5005.117359214269
1497975674198 5000.02933136556 4993.91284016293 5005.33236738636
1497975676741 4999.99741624013 4994.07943139654 5005.270914084235
1497975679643 4999.846345439802 4994.0715378822515 5004.8172974237705
1497975682695 5000.201532323734 4994.4955139153835 5005.158344064873
1497975685151 4999.780974297342 4994.159949442114 5005.073185415051
1497975687907 4999.777630584426 4994.409815983539 5004.878090815753
1497975690732 5000.080895360465 4994.712626820498 5005.168120583985
1497975693936 5000.495244984753 4995.240041559719 5005.7147827041645
1497975696650 5000.348878160535 4995.139833863132 5005.369502130085
1497975699513 5000.171462616346 4994.8922018923195 5005.371997202816
1497975701956 5000.730442004489 4995.7098709340335 5005.876505425017
1497975704272 5000.048354496072 4995.329699769442 5005.167304317311
1497975706566 4999.9840387552795 4995.186244811857 5005.086222487139
1497975708940 4999.980548000278 4995.405754365369 5005.080741549467
1497975711634 4999.664774157974 4995.127913447537 5004.542316122905
1497975714505 4999.200727752588 4994.62991936736 5004.28020472549
1497975717582 4999.435090597462 4994.76259934465 5004.219105427767
1497975720208 4999.086690005928 4994.433902782963 5003.8302820489225
1497975722833 4998.581327351558 4994.098553607255 5003.309270530865
1497975725506 4998.623815305694 4994.0525298985285 5003.207494482631
1497975727901 4998.574012625117 4994.024857694229 5003.218453477599
1497975730848 4998.34914162678 4993.958037871113 5003.0920835704555
1497975733930 4998.461740035218 4994.097388015704 5002.876966307043
1497975736825 4998.069745725423 4993.707920565043 5002.5214164143645
1497975739885 4998.107309944765 4993.91238168214 5002.417696640476
1497975742680 4998.079872936693 4993.813493836364 5002.283833116094
1497975745800 4997.926718501397 4993.772276446599 5002.147923902797
1497975749081 4997.9097209655665 4993.719082088271 5002.204491834808
1497975752307 4998.6677165663505 4994.514982431768 5002.858575255682
1497975755582 4998.6262151709325 4994.521276414726 5002.874123849072
1497975758705 4998.753824217039 4994.670520142693 5002.868477002519
1497975761757 4998.742896773065 4994.556075535097 5002.822806262045
1497975764364 4998.747152151971 4994.596586818249 5002.862542377835
1497975767283 4998.398884717272 4994.26308107999 5002.491097179202
1497975769906 4998.098898542857 4993.967196252459 5002.056641279857
1497975772605 4998.398603977235 4994.303544223822 5002.503328556318
1497975775939 4998.194818037215 4994.155235775034 5002.04454782328
1497975779158 4998.436125427426 4994.373949761728 5002.359164775397
1497975782040 4998.463270161901 4994.432888850918 5002.312690510766
1497975784943 4998.436506571465 4994.432695739545 5002.219573770044
1497975787712 4998.073247969982 4994.056564910373 5001.9172492905145
1497975790230 4998.29791855165 4994.297903825902 5002.102204389377
1497975793000 4998.483548122212 4994.467524429261 5002.254401585292
1497975796175 4998.405980615175 4994.640573442388 5002.0722485368115
1497975799413 4998.183558479737 4994.297340503451 5001.878646926815
1497975802015 4997.98852231348 4994.21568758463 5001.848602241097
1497975804965 4998.203705576845 4994.489934913915 5001.971111673342
1497975807597 4998.272532810712 4994.649670934582 5001.888881684469
1497975810808 4997.944741895104 4994.2506562830395 5001.605840030696
1497975813764 4997.955656667484 4994.303353111332 5001.572846340098
1497975816924 4998.026261867519 4994.249087688204 5001.704211170881
1497975819882 4997.990825214293 4994.033121949857 5001.746031148318
1497975822867 4997.520801332624 4993.573064412811 5001.351335484006
1497975826169 4997.685506680409 4993.663503716579 5001.355950196105
1497975829677 4997.577122127142 4997.577122127142 4997.577122127142
