1497975615355 5015.27930004268 4979.473599861394 5056.471421614203
1497975617367 5014.416152779259 4989.592533496536 5044.430146082337
1497975619811 5010.662795550977 4988.566080249589 5034.384312575903
1497975622390 5009.611446008087 4991.085773010872 5030.66554951309
1497975624924 5006.551517220776 4988.998347337474 5024.434028523101
1497975627515 5010.398472013156 4994.845178490542 5025.8747722381495
1497975630224 5013.649509584254 4998.826056610688 5027.43242553915
1497975632994 5008.852052699125 4994.469469367599 5022.344472777114
1497975635954 5011.753066708321 4998.789899830008 5024.359693860957
1497975639010 5008.013853560271 4994.89895342617 5020.307922272048
1497975641764 5009.053250604335 4997.100077825311 5020.3948595118245
1497975644390 5008.3862506167 4996.1742153313235 5019.646353373061
1497975646608 5006.372737399172 4994.902627512908 5016.715093561458
1497975648981 5008.525194059815 4997.713487782528 5018.910371118109
1497975651436 5008.872789281427 4999.173907608077 5018.441920090978
1497975654339 5008.238892952897 4998.6953928684525 5017.495276687918
1497975657332 5007.794985235 4998.3357992516 5017.143599558254
1497975660132 5007.170862245425 4998.148591904101 5016.145816899277
1497975662963 5006.930573967169 4998.560537047398 5014.9453602975955
1497975665761 5007.191966333976 4998.400769830192 5015.194257086841
1497975668316 5006.455559482075 4997.726442128224 5014.126058727132
1497975671023 5005.421045218779 4996.478353557287 5013.354358310148
1497975674105 5005.551927130658 4996.845779357326 5013.50299856154
1497975676686 5005.865110768442 4997.84729706612 5014.114839626139
1497975679643 5004.948436395669 4996.831188382194 5012.761427196448
1497975682759 5005.022834456803 4997.231180362981 5012.828883236344
1497975685515 5004.660911732784 4997.086792315093 5012.376260066984
1497975688549 5004.381320298449 4997.217375403301 5011.761507613172
1497975691596 5003.749948997753 4996.4325179447205 5011.173262079496
1497975694481 5002.395745252942 4995.310135991179 5009.495405577757
1497975697488 5002.329411644198 4995.450461358607 5009.565436756366
1497975699980 5001.906620527001 4995.161483409515 5009.613199738283
1497975702397 5001.409275828455 4994.860272520161 5008.291479266163
1497975704986 5000.976598817607 4994.5930610631 5007.456435411203
1497975707366 5000.589360624246 4994.183247988296 5007.080944062559
1497975709581 5000.984727579088 4994.482038312689 5007.799845107159
1497975711893 5001.067190796305 4994.551468825248 5007.09969287723
1497975714580 5001.183810355438 4994.855718029595 5007.20444892185
1497975717690 5000.239547914576 4994.02799430973 5006.479462164094
1497975720208 5000.828679588322 4994.737769815852 5006.797167755992
1497975722927 5000.41438398551 4994.333269465565 5006.018640042658
1497975725247 5000.089393128491 4994.19025722733 5005.59011964163
1497975727635 5000.37598700847 4994.6585321513485 5005.709307725242
1497975730334 4999.956266183424 4994.444992004471 5005.557399415806
1497975733154 5000.197899755021 4994.973898387064 5005.656179847334
1497975735816 4999.942778954305 4994.673736335568 5005.64579359109
1497975738811 4999.5005360548075 4994.735719164248 5005.013882984472
1497975742131 4999.926554038828 4994.830134905975 5005.337113708649
1497975745401 5000.1368121981495 4994.972053073033 5005.431960223933
1497975748687 4999.445801458952 4994.253638227318 5004.678599155916
1497975752235 4999.207025281556 4994.058017615166 5004.368358394203
1497975755582 4999.4253082396845 4994.605276686054 5004.618608159201
1497975758706 4999.568727788289 4994.863380131433 5004.851467615786
1497975761991 4999.081107068962 4994.370050425531 5004.324376361837
1497975764925 4999.228631946972 4994.528786927278 5004.047171807727
1497975767709 4999.606650864199 4994.799461172258 5004.590441528697
1497975770360 4999.635207936866 4994.974484373335 5004.5217022004945
1497975773100 4999.904455328495 4995.109437556195 5004.863303810126
1497975776088 4999.688733338711 4995.156308097044 5004.494589767422
1497975779280 4999.6184500572535 4994.905499025994 5004.401019027847
1497975782341 4999.28934281822 4994.547819031186 5004.19191898832
1497975785578 4999.233496649737 4994.719327018165 5004.0070694006445
1497975787913 4999.615746431217 4994.94745098139 5004.444844071832
1497975790771 4999.666189378947 4995.22260148048 5004.286837222677
1497975793354 4999.764548047073 4995.390874846216 5004.640262386514
1497975796211 4999.39276376831 4995.25837452369 5004.207696100521
1497975799488 4999.400366694948 4995.265901528037 5003.995770532986
1497975802014 4999.264146892954 4995.099203439109 5003.9931448942525
1497975804917 4998.937117786518 4994.674307968134 5003.586114111981
1497975807808 4998.353294026516 4993.889919360143 5002.81442689688
1497975810871 4998.218082361793 4993.738127245463 5002.471316736296
1497975813770 4998.199297428286 4993.864746640612 5002.527944678098
1497975816725 4997.704677563911 4993.778769657506 5002.114545325106
1497975819626 4997.651922907029 4993.549485266315 5001.832161140187
1497975822865 4997.745464757282 4993.7012013593885 5001.968578277208
1497975826093 4997.495691371519 4993.412734611315 5001.627295491773
1497975829607 4997.432651340136 4993.424153910046 5001.510870595524
1497975832815 4997.568897525217 4993.562030080012 5001.769920407579
1497975835974 4997.5987772478475 4993.533127410274 5001.750760605851
1497975839067 4997.479721868697 4993.500580241656 5001.556961477087
1497975842163 4997.78527929419 4993.71405669535 5001.914148865291
1497975844905 4997.932970817334 4993.859786460374 5001.879648224214
1497975847856 4997.942576266297 4993.7746854779225 5001.79515743081
1497975850713 4998.104950545757 4994.0110738571575 5002.139524627415
1497975853346 4998.113985303067 4993.993633127252 5002.152203518087
1497975855606 4997.98203512312 4993.972645549844 5002.024682548466
1497975858378 4997.858182338091 4993.772756039415 5001.841711742847
1497975860751 4997.795369730182 4993.739603387342 5001.712065175048
1497975862990 4997.9908286169 4994.113169616989 5001.520646850013
1497975865945 4997.936872371745 4994.017876127879 5001.598189107328
1497975868136 4997.783494854332 4993.826177086458 5001.593540344726
1497975870818 4997.702590178669 4993.747413093524 5001.570906595523
1497975872816 4997.54484934982 4993.537424588282 5001.4129041817305
1497975875417 4997.540528405735 4993.596686192384 5001.397598843231
1497975877332 4997.641788726077 4993.576162515204 5001.418360886686
1497975879390 4997.595340098863 4993.601317431223 5001.33309060064
1497975881287 4997.352963796473 4993.35812904736 5001.042555228883
1497975883392 4997.428571428572 4993.534959333721 5001.038811512453
1497975886460 4997.35139977508 4993.396865866931 5001.121621781003
1497975888171 4997.577122127142 4997.577122127142 4997.577122127142
