1498507761020 4975.32389984017 4951.387325884622 5000.456769295656
1498507761527 4988.113015487268 4971.101522274457 5006.6459891564455
1498507762176 4992.784385000658 4978.679022817881 5007.913637285343
1498507762663 4994.922137022216 4983.1747601304405 5008.369769117722
1498507763094 4991.565075778569 4980.388532069454 5003.893527448919
1498507763574 4994.98204103384 4986.077822244862 5007.13764170689
1498507764061 4997.383613106786 4987.016276712739 5007.283703249781
1498507764555 5000.538318454363 4991.259697523676 5008.525218989153
1498507764992 4998.330641211971 4990.028892247348 5005.842389514762
1498507765411 4998.9117810731 4989.568923580683 5005.686443802335
1498507765803 4998.3021569235725 4990.334735692908 5005.208612057234
1498507766430 4996.7382632441195 4989.748672728781 5003.224927256917
1498507766900 4998.296578129984 4989.493340597667 5004.278510285822
1498507767456 4999.644510463701 4991.689720990084 5005.719355015214
1498507767982 4998.355886797095 4990.288422830405 5004.777481750707
1498507768532 4999.008830883402 4990.964671471682 5005.246072890096
1498507769015 4997.758026990885 4990.034743185435 5004.962198981686
1498507769552 4997.955591862598 4990.822594110897 5004.693522176069
1498507770076 4998.452573926581 4991.459606150785 5004.428452623469
1498507770555 4998.04508880029 4991.204835736982 5004.223064356216
1498507771066 4998.6157089115095 4991.724169128734 5004.90101603848
1498507771727 4998.646122088886 4991.868107826443 5004.281937385744
1498507772193 4998.056169034119 4991.301766540191 5002.685658855921
1498507772640 4997.83660248604 4991.208269392607 5002.588313850018
1498507773065 4997.291490922115 4991.148603184955 5002.476892847786
1498507773486 4997.525895236223 4992.01595378482 5002.209043688719
1498507773924 4997.345713286743 4992.072733505229 5001.882850649332
1498507774371 4997.057712351765 4991.742420245138 5001.547473780176
1498507774781 4997.058265170727 4991.628559711208 5001.228281778948
1498507775220 4996.76179390243 4991.543242990356 5000.9298302098
1498507775870 4997.0476776463065 4991.914949644881 5001.641246350257
1498507776320 4997.440245187092 4992.164471066472 5001.4105196126275
1498507776809 4998.374323705759 4993.585656517893 5002.337250335175
1498507777351 4998.687859425601 4993.7988429673605 5002.7759023781255
1498507777917 4999.112851871924 4993.66904649168 5003.220290784501
1498507778527 4998.455378004188 4993.500371318086 5002.4949298757865
1498507779212 4998.116688917818 4993.658808556935 5002.685545948655
1498507779777 4998.326074660332 4994.073366547222 5003.0524125040065
1498507780409 4997.647123886494 4993.011354420921 5001.468419209475
1498507780997 4997.546542055357 4993.350549922139 5001.813569167771
1498507781767 4997.706314262543 4993.622536243591 5001.56372149036
1498507782442 4998.270559551883 4993.750592535043 5001.649046397632
1498507783102 4998.99065554653 4994.516532662869 5002.36331470816
1498507783747 4998.937666638099 4995.066609521279 5002.310226004684
1498507784360 4998.70349317142 4994.507380461177 5002.355655453174
1498507784975 4998.801002394379 4995.055541660146 5002.475573297956
1498507785587 4998.582599465266 4994.90600131258 5002.689267721279
1498507786219 4998.7998642363955 4995.088608787459 5002.723877508262
1498507787007 4998.574967039396 4994.652438350459 5002.525226514756
1498507787536 4998.933267497545 4995.123286610253 5002.708643716551
1498507788065 4998.695638343552 4994.58529448691 5002.38729923413
1498507788583 4998.420710544488 4994.500350098023 5002.099726640927
1498507788999 4998.338035931371 4994.594905434206 5001.782129807902
1498507789416 4998.024421340615 4994.419994026858 5001.604329500613
1498507789855 4997.792283928244 4994.112803569563 5001.317003426054
1498507790285 4998.1886945959795 4994.318968239427 5001.72190858189
1498507790764 4998.078076979412 4994.3719880940325 5001.437464185713
1498507791288 4998.4397055672525 4994.757395370958 5001.8831664203135
1498507792070 4998.635416602263 4995.310194803812 5002.115804453695
1498507792699 4998.796692396499 4995.052220727271 5002.34950142441
1498507793363 4998.535432730079 4994.821140420547 5001.882620556564
1498507794037 4998.451949337812 4994.747239193764 5001.851191036042
1498507794727 4998.231428579957 4994.744349224097 5001.426424177731
1498507795447 4998.09559422695 4994.950022854685 5001.181096340266
1498507796168 4998.085082327317 4995.013284556042 5000.9902195419345
1498507796812 4998.011605356889 4995.072000291296 5000.883924471772
1498507797462 4997.443617994757 4994.431862720031 5000.462141364511
1498507798267 4997.671501505651 4994.548639663689 5000.712416766443
1498507798934 4997.674881630161 4994.61297065094 5000.749409395559
1498507799578 4997.589160431019 4994.275681485629 5000.568952721017
1498507800255 4997.781375424572 4994.132761282825 5000.860826982498
1498507800843 4997.891133552536 4994.314076916893 5000.905160502776
1498507801558 4997.846066563874 4994.4560588068625 5001.007254618564
1498507802131 4997.735110422981 4994.365965074823 5000.822101369158
1498507802606 4997.725763844678 4994.459525152425 5000.752840824148
1498507803254 4997.539697778915 4994.220095617746 5000.50397293748
1498507803757 4997.819504420854 4994.454330135313 5000.697409012048
1498507804354 4997.8412021092945 4994.376133431425 5000.734246354818
1498507804924 4997.9490565378 4994.7374838359565 5000.89609868075
1498507805449 4998.058769600439 4995.024896498808 5001.086479268489
1498507806094 4998.0965912543425 4994.885637593289 5000.960616042901
1498507806815 4998.080280275457 4995.123962644595 5000.686152755873
1498507807649 4998.093803328964 4994.999861957799 5000.486624325482
1498507808312 4997.88696294398 4994.806487836209 5000.302436647152
1498507808985 4997.948395370753 4994.770585930518 5000.323016057196
1498507809653 4997.954080078155 4994.678261082627 5000.371257699993
1498507810397 4997.906964903423 4994.58283199083 5000.463077947003
1498507811005 4997.816784853595 4994.646524581958 5000.524822405461
1498507811595 4997.811674485961 4994.566036955712 5000.375772444961
1498507812183 4997.994896740822 4994.926861295255 5000.740455588037
1498507812957 4998.012370551095 4995.155372826879 5000.769456307446
1498507813443 4997.98224298348 4994.864712564097 5000.9744525798815
1498507814056 4997.851822199346 4994.694593656845 5000.644294011653
1498507814641 4997.729085192657 4994.77534342234 5000.601670633632
1498507815164 4997.571625215132 4994.808619929622 5000.377753891493
1498507815689 4997.584595512975 4994.702099943596 5000.064543160503
1498507816199 4997.535371975293 4994.699622272744 5000.089110961687
1498507816895 4997.405797790536 4994.673715504739 4999.798381847191
1498507817736 4997.365607817618 4994.75428237797 4999.807147296111
1498507818472 4997.578261444319 4997.578261444319 4997.578261444319
