1497975069969 4897.485689876121 4780.1804573804575 5006.26618415762
1497975071912 4909.970311832551 4827.264997842037 4994.889292196007
1497975073875 4941.7166211602635 4865.944878350516 5004.271218421329
1497975076434 4968.616921269095 4908.239687957094 5018.615979943318
1497975078099 4969.62701871315 4917.674122948181 5021.742250530786
1497975080482 4977.254860072634 4929.66335492228 5024.750429220742
1497975082160 4976.426696917647 4931.445391445167 5018.506441634027
1497975084601 4977.567008635387 4936.207783127057 5021.68194179204
1497975086337 4978.402653222533 4941.0985155195685 5019.48018852459
1497975089060 4986.822189943179 4951.773061686475 5024.82
1497975091086 4983.443218373127 4949.903343446281 5019.8506740576495
1497975093943 4982.852572893304 4950.827011071291 5017.459881083857
1497975095629 4988.87145670721 4955.575150105708 5022.605233010456
1497975097642 4985.595351420637 4954.645822516111 5018.731552323881
1497975099942 4975.316192868678 4945.1710242264335 5007.319649014125
1497975101857 4974.079807753925 4942.761677713789 5004.073889135255
1497975104040 4971.954933440421 4941.03923320257 5002.89289135255
1497975106357 4974.002712713012 4944.722802369679 5003.80803460746
1497975108803 4975.949222054187 4946.8249592253405 5004.9259968471015
1497975111098 4978.298286837271 4951.653017981904 5005.080204918033
1497975113036 4976.289362611074 4950.423026952556 5003.001495482581
1497975114972 4979.145018177468 4954.40480624322 5006.48696733316
1497975117311 4982.833455797541 4957.8625788289255 5008.999890902109
1497975119823 4987.425560999782 4963.320295951802 5012.057742711475
1497975121875 4986.484322403157 4961.85414041631 5011.472738304117
1497975124099 4986.270769257057 4961.277586747182 5010.058047401
1497975127025 4988.173354920288 4963.309925999053 5010.96834020779
1497975129669 4984.568736757569 4961.743752904287 5007.040394147745
1497975132363 4982.735626439065 4962.138409251911 5004.057250535332
1497975134819 4985.41411422957 4963.915591764875 5007.8756852642555
1497975137018 4984.335413729762 4962.781101153036 5005.505157238268
1497975139239 4986.440403108326 4965.687529667636 5007.414657210402
1497975141519 4983.240667640701 4963.868940351708 5004.59428664792
1497975144010 4983.248690629779 4963.914547013433 5004.886583501363
1497975146522 4983.422388161717 4964.539211852624 5005.424339012083
1497975149021 4981.685017472211 4962.6878972634995 5002.961815428072
1497975151594 4980.865287099021 4961.592315458682 5001.777752185852
1497975154104 4981.737525845423 4962.34523660342 5001.638093918082
1497975156616 4981.120753217793 4962.5302295135625 5001.438212227913
1497975158917 4984.932099345557 4965.547418494865 5004.860596330275
1497975161494 4987.147608632504 4968.200357644241 5006.967987505724
1497975164225 4987.640000512619 4969.159414495071 5007.910673698416
1497975166808 4987.489239089573 4969.017997494509 5006.821777846828
1497975169317 4984.860801401171 4966.083266190167 5004.280957597334
1497975171979 4985.482834038881 4967.3810489110665 5004.911523597112
1497975174293 4986.333927091609 4968.385312489886 5005.744827339545
1497975176642 4987.237623127985 4969.772042894953 5006.319101565644
1497975179307 4987.409059066756 4970.119017794327 5005.954869546234
1497975181949 4989.334060930185 4971.771232514342 5007.568421511945
1497975184375 4991.066577247719 4974.975673607125 5009.654116385519
1497975187095 4993.057552082221 4976.03362035225 5010.96800711333
1497975189751 4991.40237500267 4974.844141781796 5008.837752293578
1497975192489 4993.401653104376 4977.281248912855 5010.770228885694
1497975195293 4992.824602845756 4975.472895654873 5009.920993764953
1497975197834 4992.098538664935 4975.695038220987 5008.4401227853705
1497975200482 4992.554879220863 4976.297142271454 5009.296414262061
1497975203713 4991.9793983093205 4975.831881073537 5008.573348645852
1497975206287 4991.749148878912 4975.734796603205 5008.300026496158
1497975209176 4993.438951563641 4977.677600674319 5010.273496159115
1497975211716 4992.8328954956105 4976.5891729014365 5009.175270464994
1497975214503 4992.082561596555 4975.8951492641 5007.699912274782
1497975217250 4991.698214033993 4976.10463732661 5007.498028368795
1497975219636 4992.440224518477 4977.215804100228 5008.515696465696
1497975222200 4992.580872521924 4977.332022779044 5008.174191563518
1497975224894 4992.954643896062 4977.949909396842 5008.576230583333
1497975227464 4992.922366841663 4978.483727401533 5008.206964285714
1497975230158 4994.197876130388 4980.628251126593 5009.646985858586
1497975232628 4994.208964468479 4980.520287128713 5009.729453990266
1497975235445 4994.219982486491 4980.780029195051 5009.70572109403
1497975238227 4993.914961235343 4980.480407430733 5008.97547108512
1497975240549 4993.088195467845 4980.176106374799 5007.5080259394945
1497975243241 4992.673334700259 4978.965668168653 5007.81232339727
1497975246447 4992.968988406961 4979.3425636679 5007.470039465878
1497975248925 4992.886478774572 4979.992645727733 5007.416972289691
1497975251748 4992.268087960155 4979.064293984162 5006.80219968185
1497975254198 4994.118715453684 4981.101011242558 5008.834834821429
1497975257055 4993.498588252381 4980.903765822928 5007.6856097433065
1497975260297 4994.464452304065 4981.647807146278 5008.932323183424
1497975263017 4995.893550495278 4983.012730879856 5010.827457609841
1497975265403 4995.916843575538 4983.013122144718 5010.809674493264
1497975267595 4996.268695031887 4983.353679309036 5010.440957751424
1497975269575 4997.165460680876 4984.344632742823 5011.7732006754595
1497975271653 4996.144030583913 4983.177925465151 5011.087162954536
1497975274157 4997.343724504398 4984.44279065981 5011.959718678831
1497975277036 4996.498114110214 4983.863497287538 5010.536833128496
1497975279701 4996.348773632457 4983.731032911969 5010.288788652791
1497975282802 4996.830435785499 4984.1485124781775 5011.6043324005395
1497975285656 4996.03307091323 4983.111407627862 5010.603422999703
1497975287926 4997.601813723815 4984.788494865074 5012.152959179737
1497975290365 4997.971530112299 4985.1635354888085 5012.265605911879
1497975292628 4997.229436841116 4984.088654489324 5011.498442301308
1497975295077 4997.158920142671 4984.11044707167 5010.99030164872
1497975297855 4997.860250742188 4984.725482142857 5011.195568334817
1497975300438 4997.140144039778 4984.103522206533 5010.589761846081
1497975303040 4997.9332723909765 4985.017536522223 5011.524156618074
1497975305402 4997.750748608507 4984.955292832411 5011.2725740646
1497975308120 4997.897579708164 4984.886884131984 5011.21742300462
1497975311514 4998.036838800347 4984.489531401167 5011.069112016294
1497975314641 4997.871970884611 4984.109591260473 5010.958972477064
1497975317337 4997.575980863287 4997.575980863287 4997.575980863287
