1497975069932 4932.5860008536065 4821.581593523647 5057.206106870229
1497975071872 4988.850555081127 4899.990229396772 5068.0886678200695
1497975073802 4974.626974026973 4907.424006277988 5041.323724634933
1497975076275 5011.057222162913 4954.243727598567 5070.230244516739
1497975078164 4994.531300708856 4941.60219630544 5046.8568543075435
1497975080656 4988.306158878744 4937.672895493768 5038.978086350066
1497975082343 4989.450077080424 4945.207215605749 5033.5554594001305
1497975084720 4989.8858082425795 4946.823842003853 5034.136629730295
1497975086462 4987.690934640914 4948.9887360308285 5026.831344855159
1497975089430 4983.055481997181 4945.888364904494 5021.29277651363
1497975091297 4980.708837511265 4945.805218123875 5017.55514892878
1497975094073 4982.2831467584665 4948.501569433922 5019.978685840708
1497975095804 4982.023559560927 4949.459926078029 5016.757091307724
1497975097790 4980.3562944455125 4948.230166002514 5013.683560235199
1497975100104 4976.064687793628 4945.33819575375 5008.4557481669235
1497975102340 4977.757609665888 4949.425840137516 5008.302875763748
1497975104221 4974.688530821069 4946.367177829099 5002.07238028169
1497975106397 4978.739458905426 4949.121314346601 5005.640888774958
1497975108738 4981.481118295735 4952.568263809091 5008.311513761468
1497975111097 4988.377116743898 4960.685003532982 5015.2584252349825
1497975113029 4990.333884290461 4964.001628410568 5015.973311881188
1497975114914 4989.526333548312 4964.40180323235 5015.6937230056665
1497975117258 4989.693178954742 4964.274017071851 5015.012670391581
1497975119823 4991.991718665248 4965.364348297037 5016.889702970297
1497975121743 4994.029590145729 4968.915696428571 5017.332231376647
1497975124006 4993.893847113191 4969.426196365393 5017.899438971335
1497975126767 4996.700557394554 4972.436355212092 5020.427018068459
1497975129435 4996.8766011062 4972.510207292973 5020.893296460177
1497975132157 4998.592609360452 4974.508972876834 5022.633219481132
1497975134452 5001.60826221778 4977.813205357636 5024.013566371681
1497975136520 5003.228393743433 4979.523372038791 5025.87169202987
1497975138504 5002.969746025508 4979.691685970046 5026.300881670533
1497975140691 5001.183024597761 4978.078001637853 5024.247557914595
1497975142887 5001.381951829974 4977.942068025175 5023.673773616894
1497975144846 5002.690756876816 4980.046069479761 5024.887365239003
1497975147194 5004.952618113011 4982.660863419469 5026.277637860082
1497975149506 5003.397278295561 4980.499153997414 5024.085616554484
1497975151867 5004.339568081054 4981.089787446174 5025.137158227248
1497975154198 5004.610605898811 4982.312306743508 5025.3115900319035
1497975157093 5003.724390243902 4980.914514071933 5025.140720071309
1497975159116 5003.423396793801 4981.482670769509 5025.7483519422085
1497975161753 5002.594637540633 4980.111793195458 5024.042435210009
1497975164456 5001.250336376023 4980.067332012664 5021.818336320376
1497975167021 5002.629951092412 4980.301268198109 5023.153982813171
1497975169571 5001.444606283237 4980.3470335504 5021.092774879202
1497975172114 5001.700024346593 4980.228620749767 5021.728939334958
1497975174498 5000.90065735801 4979.348916218755 5020.381142201835
1497975176889 5000.53501334757 4979.775487297921 5020.49750321141
1497975179468 4999.994408897925 4980.282682177069 5019.795583722149
1497975181985 4998.333005868735 4978.57181972711 5017.95157672752
1497975184375 4998.293821676455 4978.90093119266 5017.44998553228
1497975187091 4997.700016657911 4978.986713946052 5016.361503590803
1497975189641 4995.230187341426 4976.208146604873 5014.157382830626
1497975192404 4996.456364257646 4977.969889145496 5015.492719564007
1497975195689 4996.8133008713485 4978.021011547344 5014.964136220792
1497975198111 4996.447042893633 4978.130050938046 5014.172812064965
1497975200782 4997.035346631925 4978.4111100917435 5014.840382892057
1497975203508 4997.238906829327 4979.448230004976 5015.141931457153
1497975206287 4998.160348222791 4980.30561716163 5015.687144602852
1497975209157 4999.104803400183 4981.1427752293575 5016.025832054374
1497975212143 4999.6927181003075 4981.3827889857375 5016.985522522523
1497975214322 4999.8424099 4982.189618613054 5016.727677457351
1497975217384 5000.749042088311 4983.524485263673 5018.519439742499
1497975219847 5001.502259679459 4984.138993910599 5017.866118526522
1497975222478 5000.150255658882 4982.24527291814 5016.513809586458
1497975225136 4999.412120254246 4981.520306025174 5016.227971810637
1497975227542 5000.817224970312 4984.169304663005 5017.642036745038
1497975230070 5000.376457170196 4982.478852777313 5016.621108060894
1497975232538 5000.677828467933 4983.863088585662 5016.854263722908
1497975235229 5001.555969894237 4984.837990325563 5017.058654913081
1497975237792 5000.646728660581 4984.371137892608 5016.207492653659
1497975239880 4999.241940788771 4982.645061056549 5014.172092981966
1497975242291 4998.860844382176 4982.549561200924 5013.892471562256
1497975244749 5000.084843643881 4984.428341411801 5015.283939560414
1497975247071 5000.5403544442215 4984.759928807092 5015.5770086428365
1497975249651 5000.739515791452 4985.394276814758 5015.879615352655
1497975252387 5000.9899023552625 4985.2787975220635 5015.414951130523
1497975254942 4999.919488973462 4985.1057934962055 5013.984618012437
1497975257574 4999.309959080464 4983.565777837215 5013.40806265235
1497975260669 5000.540135229219 4986.1599595005655 5014.336649613684
1497975263149 5000.977703741671 4986.737147250362 5014.7070043399
1497975265771 4999.228777795813 4984.762314512795 5013.193071574302
1497975268073 4996.899157689712 4982.850134191688 5011.07872534839
1497975270279 4996.676967827914 4982.7664499532275 5011.1078073770495
1497975272425 4997.137107245981 4983.566610309278 5011.211214492889
1497975275083 4997.109107839243 4983.524852053384 5011.457015755163
1497975277712 4997.815657061824 4983.754070673826 5012.206651143823
1497975280688 4998.255066954274 4984.452917290745 5012.232423994288
1497975283561 4997.770709016586 4983.454046992668 5011.873405737705
1497975286569 4997.633393844905 4984.084988718695 5011.32146011709
1497975289431 4996.957315484403 4982.890930027157 5010.631924680872
1497975292413 4997.1526688536915 4983.436793265416 5011.025418222457
1497975295015 4998.1220879073935 4984.774286188367 5012.007488580463
1497975297707 4998.205756342186 4985.026281080345 5012.403868621474
1497975300373 4997.766081321789 4984.59608082728 5011.663533858536
1497975302739 4997.214942013199 4984.188632583763 5011.028365631676
1497975305153 4997.279767625638 4983.775143668523 5010.799479425112
1497975308013 4997.772802802161 4984.437001244258 5011.191319281263
1497975311426 4998.083193794211 4984.47958715199 5011.313761050003
1497975314640 4997.575980863287 4997.575980863287 4997.575980863287
