1497975087398 5031.777113578139 4916.849064449065 5149.538841490795
1497975090209 5070.609735269001 5001.459068627451 5143.438126361656
1497975092233 5065.988371497143 5004.85517665464 5133.489673758865
1497975094693 5017.737375894097 4963.793146288435 5072.830398812049
1497975096522 5011.702631129336 4964.342886299855 5062.434625550661
1497975098235 5005.422896198206 4959.092380944721 5051.479825059102
1497975100565 5014.143220845793 4969.90762846799 5057.6381477427685
1497975103012 5009.5019222554465 4967.260144556878 5052.325352245863
1497975104900 4999.972234087996 4960.304175213675 5041.065351473313
1497975106807 4997.835533341877 4959.287733887734 5036.791402578364
1497975108984 5004.204831475074 4969.111708815013 5042.542252782284
1497975111271 5002.851166168304 4969.330458817026 5040.276936992496
1497975113158 4999.363002580182 4967.203492062209 5034.631938027947
1497975115209 4999.109938697482 4968.487493008211 5030.917054788903
1497975117489 4995.269000427168 4965.901160550458 5026.127603072351
1497975120041 5001.632457092086 4971.8278282307365 5030.035124957487
1497975122143 5007.375454933789 4978.040347546126 5037.852070368498
1497975124233 4997.067818257152 4967.096059563648 5025.684528889736
1497975127025 4997.731042259296 4969.476583543314 5026.831107142857
1497975129527 4997.025029364656 4971.496732308091 5025.098852924475
1497975132157 4998.4945221101725 4972.497687119864 5026.199825161788
1497975134781 5001.864708218903 4977.115929896907 5026.851406387888
1497975136960 5002.622092476958 4978.254324363684 5027.858545249712
1497975139175 5002.528288993196 4979.004251628374 5028.298733750865
1497975141519 5000.732228581191 4977.340022296544 5024.207978500042
1497975144228 5001.059492795093 4977.4722971733945 5026.9048739390355
1497975146541 4999.234624846248 4975.882397894585 5025.788329509196
1497975149260 4998.478526218684 4974.281180033112 5024.629917645709
1497975151797 4999.523448143324 4975.942315208748 5024.927446079226
1497975154270 4998.53358957933 4975.422277059372 5022.914631413847
1497975156404 4999.355747177982 4976.715003524648 5023.478788781705
1497975158818 4997.972673768013 4975.815639145119 5021.654479334028
1497975161463 4993.947337624341 4971.735068041237 5016.598397775424
1497975163985 4991.359873577209 4970.370618277009 5013.9384191663285
1497975166563 4993.441137780815 4972.187148989447 5014.98018079404
1497975168909 4993.914585913809 4973.176592422391 5015.167513267972
1497975171577 4992.115112737958 4971.156877646293 5011.992949540741
1497975173951 4990.403611730436 4970.597313144935 5010.007746061932
1497975176019 4990.237263737907 4970.459427553641 5009.0019109566
1497975178178 4990.131842549284 4970.871620628539 5009.796485902999
1497975180131 4990.827032660977 4972.570637475853 5010.920102430657
1497975182214 4991.861533401393 4973.234911340206 5010.943603407895
1497975184443 4991.586670881317 4972.823704114855 5010.908813045613
1497975187091 4989.803346404558 4971.041557126617 5009.031661479026
1497975189674 4988.855935787302 4970.396160961026 5007.589928682889
1497975192427 4988.881218443243 4970.754642492961 5007.557729841652
1497975195227 4990.281150419041 4972.767247871169 5008.820021025968
1497975197991 4991.265400879928 4973.138521367521 5009.332129389851
1497975200678 4992.74999572854 4975.061568539735 5011.092230071508
1497975203573 4991.902242535561 4974.640317500315 5009.991140543995
1497975206305 4992.386948925937 4975.52649161982 5010.162833902831
1497975209287 4991.934296124488 4975.366500530267 5010.065978193854
1497975211784 4993.561332017718 4977.120530015642 5011.778559068191
1497975214122 4993.497208589088 4977.713319831611 5011.296236413155
1497975216813 4994.485558070992 4978.278640984942 5012.460939798934
1497975219364 4995.4325621924545 4980.0147254766825 5012.879176972749
1497975222126 4996.08290226264 4980.173260040855 5013.127762783272
1497975224672 4994.54561997027 4978.767958876301 5011.275277500132
1497975226979 4994.661475374824 4978.319812940577 5011.728446428571
1497975229508 4994.273694192424 4978.080919731534 5011.161305054412
1497975232229 4993.541678057615 4977.789447176125 5010.325718050774
1497975234594 4993.495989030704 4977.625632478633 5010.489109784801
1497975236913 4992.331597674587 4976.372311867984 5008.9835775338515
1497975239452 4992.166508624004 4976.204661570334 5008.251179124477
1497975241619 4993.521632715825 4978.093485797163 5009.447612312502
1497975243914 4993.106776128073 4978.111238674047 5009.0215728858175
1497975246750 4994.562188990974 4979.5826880918485 5010.882176671375
1497975249289 4991.485581995327 4976.071480019456 5007.426651632547
1497975252127 4991.209544800249 4976.366614189441 5007.225719159714
1497975254650 4990.528724831068 4975.283148448425 5006.256900976194
1497975257214 4991.280901084068 4975.86053032534 5006.86015636654
1497975260297 4991.366157657561 4976.088464079449 5006.641623866244
1497975263131 4990.02597003195 4975.451523584575 5005.314696801339
1497975265569 4990.281478254184 4975.913780140161 5005.428173181888
1497975267883 4990.22872422218 4975.575777849218 5005.840045496162
1497975270259 4989.27548618853 4975.390027268093 5004.488874879166
1497975272339 4990.398994515539 4976.568025718444 5006.048944814107
1497975274794 4989.867350948683 4976.220557323884 5005.423046543231
1497975277549 4990.172075758611 4975.995524421093 5005.307096139871
1497975280687 4991.238599473756 4977.577670103093 5006.910080726628
1497975283398 4991.346641778294 4976.81402577878 5006.7451716325395
1497975286471 4991.536732889381 4976.825979193858 5006.415011661304
1497975289227 4991.587888288966 4977.35595251887 5006.9072840088165
1497975292168 4991.651266103954 4976.998709330931 5006.907317985979
1497975294802 4991.57196374261 4977.1206992654925 5006.799469123615
1497975297372 4991.388640188632 4977.3720479582735 5006.566160756502
1497975300041 4992.461871972525 4978.828234575273 5007.486363216382
1497975302316 4993.39754471246 4979.485419722381 5008.389885947046
1497975304619 4993.374286117032 4979.585910846005 5008.4597540983605
1497975307222 4993.885001302823 4980.364116510092 5008.660233565437
1497975311247 4995.235759716711 4981.850120720609 5009.727288493749
1497975314386 4994.988637625691 4981.9196399023285 5009.163796435108
1497975316945 4995.0502206256115 4982.231324532874 5009.173959526881
1497975319350 4996.288795294459 4982.937327543414 5010.690666089084
1497975321884 4997.477414173861 4984.056051085395 5011.3798390447455
1497975324402 4998.719670240485 4985.345493174844 5012.091345788875
1497975326425 4998.733738274643 4985.328749268159 5012.27625877012
1497975328705 4998.211316998992 4985.040860315625 5011.781820773931
1497975331033 4996.854015471557 4983.600952991453 5010.537474943091
1497975333260 4997.575980863287 4997.575980863287 4997.575980863287
