1502461330010 4941.197441364606 4796.234012649333 5072.125224901043
1502461330742 5011.652961227099 4913.897530579276 5100.555796577489
1502461332078 5006.124964498722 4920.585956790123 5083.6078465869105
1502461332997 5033.328537936914 4969.871797817346 5091.760021208907
1502461334037 5017.121620469084 4968.515534441805 5063.725095309133
1502461334831 5005.231419639051 4961.39317497022 5053.148432977756
1502461335941 5000.448170731707 4959.546694297747 5044.301539179104
1502461336984 5008.1171887507335 4971.913927447236 5046.896278701504
1502461338129 5012.382316668248 4979.910956282061 5045.316720424514
1502461339265 5009.918737723119 4975.991163103855 5043.159388136385
1502461340283 5013.937121564974 4983.826035502959 5044.078449728515
1502461341490 5009.47455095145 4982.202729044834 5038.746431075586
1502461342363 5007.037738947645 4978.838831360947 5034.862357549858
1502461343465 4998.205812393267 4970.139937478656 5027.556430446194
1502461344892 4998.8136403745975 4974.62469791644 5026.923867245738
1502461345857 5002.056702956559 4980.026150479955 5024.676139836206
1502461346661 4998.644066094119 4974.985552286961 5021.41500121862
1502461347805 4995.878207864902 4972.349334204129 5016.514564184539
1502461348742 4996.348867517527 4977.677073818816 5014.8450712186295
1502461349806 4996.738116075049 4975.833624266056 5018.144771145519
1502461351027 4995.3697455077645 4974.78004983246 5016.9149691358025
1502461351972 4994.157294213529 4973.709065716548 5014.211564525634
1502461352839 4995.603232630641 4974.943055322481 5015.387476843275
1502461353960 4996.179178004233 4974.563107185065 5015.119428070923
1502461355305 4997.412495944538 4974.3628103606015 5017.121026315789
1502461356482 4999.4919863373625 4977.154453349988 5019.112426035503
1502461357800 5003.260633756048 4982.479821849334 5021.745785930269
1502461358847 5002.946652639925 4980.791925155093 5021.151467804453
1502461359999 5002.649362504048 4982.217983015523 5021.31137502647
1502461361168 5000.745142417902 4979.947710996284 5021.224830879427
1502461362345 5001.411964069216 4982.466921823157 5020.753372231633
1502461363320 5000.084198723938 4981.2158808933 5018.0601051256535
1502461364356 4997.828009732612 4979.84846508524 5013.936382279321
1502461365212 5002.2424467029305 4983.217182662539 5018.283607266436
1502461366292 5003.345781162286 4984.204024544306 5019.795479126108
1502461367258 5006.501560219735 4989.458517144576 5020.9820154048375
1502461368216 5007.782040477043 4991.754993088326 5021.600256081946
1502461369243 5008.287435920496 4991.819917898983 5022.475983689643
1502461370225 5007.262334760752 4991.978354677865 5021.604274126866
1502461371232 5006.761615924308 4990.891653341188 5020.642280847358
1502461372212 5006.861018785751 4989.918254976705 5021.737826115529
1502461373184 5006.372925142392 4990.340577530455 5020.778760706907
1502461374134 5006.845271210014 4990.7556561544225 5021.393484175295
1502461375238 5006.184982040579 4989.939819488154 5020.571084291261
1502461376385 5004.675961264597 4989.9217754114725 5018.179327265236
1502461377617 5003.165683661054 4988.113731201165 5016.646260123868
1502461378786 5001.955017772889 4987.195529417278 5015.589294552785
1502461380092 5004.0283710040685 4988.834375593993 5017.284656418895
1502461381084 5004.600856310713 4989.217069333633 5017.937162878248
1502461382505 5003.279805144859 4988.63609197956 5016.717626540578
1502461383746 5005.166064800463 4990.044816914771 5019.412297151769
1502461385007 5007.188975989745 4992.352150407096 5021.246668828011
1502461386699 5006.216999766199 4990.243628266091 5020.063323511966
1502461388229 5005.3677493373425 4989.648119040134 5019.3182723832215
1502461389450 5003.9138209613775 4988.113297253553 5018.177703761756
1502461390725 5004.0542068481445 4989.279090052413 5018.385250284359
1502461392046 5005.274148089291 4990.343765617192 5019.227057639748
1502461393358 5004.312299725232 4989.138611615245 5018.259480470231
1502461394728 5003.698887665836 4988.293455317936 5018.469715496368
1502461395832 5003.543488478082 4988.278936435397 5018.602428904832
1502461397104 5002.331481883576 4988.814527999053 5016.528108899298
1502461398679 5001.561463350768 4989.062977215808 5015.026180713743
1502461399818 5001.159348446729 4988.512903913163 5014.260666392994
1502461401141 5001.468445435369 4989.263814211501 5013.49050231564
1502461402572 5001.127334866907 4988.572036860502 5014.14535637149
1502461403814 5001.59071697185 4989.205811850266 5013.85677246604
1502461405096 5001.055114194264 4988.887243109802 5014.2760074405605
1502461406392 5000.5006910763195 4987.7739223539675 5013.6716791215495
1502461407603 5000.018853205045 4987.559303362848 5013.209757621189
1502461409007 4999.801882186363 4986.479906930578 5013.437409828342
1502461410285 5002.190404842709 4989.0533496784055 5015.935341948412
1502461411858 5000.262143238592 4986.850453684316 5014.209960388909
1502461413637 4999.600042139024 4986.115086517664 5013.85279946835
1502461414939 4998.935008025126 4985.547787465835 5012.966603066724
1502461417066 4998.94751474065 4985.891245758838 5012.197128715279
1502461418312 4999.20689325628 4985.957655235035 5012.941334663128
1502461419707 4999.37909682574 4986.452134708458 5012.773763823225
1502461421034 4999.216585242957 4986.236276860954 5012.87127925313
1502461422421 4998.64535804859 4986.114953769559 5011.559201215655
1502461423856 4996.709671390583 4984.5115447964845 5009.1583780929195
1502461425195 4996.55608994642 4983.716403024216 5009.442998602676
1502461426693 4995.5638413134975 4983.022596558635 5008.685249246915
1502461428125 4994.670558691703 4981.507232458737 5007.323119832852
1502461429664 4996.066498530504 4982.639694964255 5008.686174042886
1502461431004 4996.3424989321875 4982.988761998908 5008.9141256119765
1502461432503 4995.221818831978 4981.462064075292 5008.002933103059
1502461433909 4994.160836757638 4981.211658789961 5006.502951623393
1502461435262 4994.705592847678 4981.490745239758 5007.287017930242
1502461436785 4995.063552774285 4981.774553975452 5007.541311302376
1502461438222 4995.301604100422 4982.273361641476 5007.613721264368
1502461440043 4994.132069449464 4980.924340532491 5006.856803522728
1502461441286 4994.891675681699 4982.026481492676 5007.969313632991
1502461442738 4995.827211471773 4982.943065595239 5008.984782821845
1502461444409 4995.208199097572 4982.5522157859195 5008.061637931034
1502461445942 4996.549737654946 4984.326958161972 5009.52693489938
1502461447744 4996.950086985153 4984.3542965999395 5010.2022888843985
1502461449879 4996.099641558121 4983.677658457426 5009.505041267784
1502461451685 4996.829730106702 4984.5834442866735 5009.959154541471
1502461453229 4996.577930903552 4984.391667662346 5009.67069394108
1502461454628 4997.575980863287 4997.575980863287 4997.575980863287
