1498491079168 4998.688679245283 4868.37521999296 5128.787680209699
1498491081816 4971.043739279588 4887.859078114005 5055.739776046738
1498491084597 4966.03196374441 4898.81855678342 5037.828682282052
1498491087400 4963.5630090012855 4904.493489583333 5026.034252386002
1498491090060 4985.814856065798 4939.644247787611 5036.526131267835
1498491092391 4984.131376731516 4940.01707876625 5031.972573143285
1498491094831 4996.236400409648 4955.192630208333 5046.366154761905
1498491097117 4994.109778301382 4956.691027777778 5036.36701005337
1498491098813 4997.0132248394 4962.59231920042 5033.616044959535
1498491100445 4990.134269566706 4959.652250120503 5023.7967063592605
1498491103028 4992.957150623478 4957.543741893506 5026.991364682122
1498491105437 4991.6783632488505 4955.973652923131 5027.835433025379
1498491107556 4993.259199979459 4955.485935579621 5027.933106995016
1498491109658 4993.8459536842465 4957.792242533937 5029.579871111111
1498491112392 4993.236125139091 4961.231992499439 5027.235294640555
1498491114788 4991.699484436838 4962.062387884247 5020.64275270134
1498491116683 4990.67986584072 4961.652008753458 5019.365026273826
1498491119724 4990.371144385027 4961.264673311185 5021.426647047692
1498491122673 4990.308372644031 4961.7308705657915 5022.0007538126365
1498491124438 4985.452896768536 4957.556758032433 5015.406734024003
1498491126760 4979.610152388445 4951.859945086118 5007.565365740741
1498491129503 4978.0807895546895 4950.538807791272 5007.667363486634
1498491131436 4979.513220593954 4953.156127675841 5006.357787037037
1498491134116 4979.804483384977 4955.0026762662865 5005.843208333334
1498491136958 4983.252021816814 4957.6350738295005 5009.501985226223
1498491139041 4986.576831009395 4961.739525150702 5011.8906640689565
1498491142045 4984.433469112109 4961.734977434271 5008.363498243281
1498491144247 4987.085479217865 4962.713224732878 5010.602030172414
1498491146486 4988.884748341004 4967.636363636364 5010.095747376666
1498491149179 4988.256540430587 4967.207407095346 5009.516616955307
1498491151206 4990.37720482669 4969.221474846301 5012.321007742045
1498491154010 4991.126701279833 4970.338474815761 5012.309513939571
1498491156403 4993.571343707129 4971.806714801853 5014.927677073428
1498491158681 4990.858492017367 4968.865897726028 5013.063444468993
1498491161463 4993.021336056782 4973.142842095926 5013.335326879229
1498491163562 4993.436535034678 4974.398989038922 5014.267550925926
1498491166769 4993.858202577513 4975.30328 5014.174551111346
1498491169460 4992.098313934608 4972.52121 5012.825423321215
1498491171916 4992.7441625970405 4974.161215573428 5012.395080034092
1498491174195 4992.67536213306 4974.209013336705 5011.706498160898
1498491176477 4994.730647111864 4976.108757585706 5013.939378160401
1498491179106 4991.82082014075 4973.751691124748 5011.4790481516475
1498491181934 4991.493620912129 4974.168645818549 5010.984306421519
1498491184546 4990.896914263255 4972.836243006084 5011.268751024676
1498491187230 4988.3291768656045 4969.651184120517 5007.6976050887715
1498491189780 4987.584902839421 4970.079592362634 5006.400176252473
1498491192316 4989.0548568987615 4970.593679787705 5007.816889726673
1498491195676 4986.974493479199 4968.784910901073 5006.667654433553
1498491198688 4986.86771175943 4969.887520126669 5005.4355711893395
1498491201895 4987.78746070257 4970.176174983733 5006.351508030637
1498491205003 4988.860563350204 4971.700087570697 5007.263549534194
1498491207995 4989.050830735062 4971.845961241139 5008.475259232737
1498491210864 4988.148618343208 4971.3892178701035 5006.491032632793
1498491213955 4988.779156041365 4972.134480636411 5007.428902304966
1498491217072 4990.075385062233 4972.7212804612545 5008.433883804734
1498491220159 4989.955715127852 4973.412799192507 5008.375520262678
1498491223295 4989.920823757571 4973.6798804601385 5007.0337217368815
1498491226156 4989.930991174184 4973.437880425118 5007.532757602085
1498491229227 4990.048442078823 4974.437869343843 5006.868949074074
1498491232243 4991.602774016344 4975.152217716409 5008.1846623061265
1498491235762 4992.704671755464 4976.6798178846275 5010.478198269037
1498491239160 4992.857247819289 4976.992951788834 5009.872092813778
1498491242119 4995.232295488815 4979.382737233112 5011.43235045549
1498491245371 4993.607613864051 4977.514889892759 5010.257403921447
1498491248838 4993.358551184063 4978.153772407431 5008.723921005928
1498491252140 4992.843388060785 4978.401641365351 5007.862761043696
1498491255923 4994.019302330549 4979.829330573123 5009.331668232499
1498491259357 4995.641371914879 4982.14153768573 5010.3013189643125
1498491263240 4996.055894013705 4982.519394606017 5010.632386516727
1498491266747 4996.510372610839 4982.774350136695 5010.976608719396
1498491270255 4995.828541524265 4983.054935524184 5010.331386216375
1498491274077 4996.886451408944 4984.005059955328 5011.217231236288
1498491277422 4995.534369406508 4982.335549071178 5009.831045211179
1498491280589 4995.888117564133 4982.834510840255 5009.931389199974
1498491283720 4997.981076220541 4985.1390806153295 5012.433371945971
1498491287017 4999.287031143878 4986.275737177471 5013.461761384367
1498491290775 4999.116171281622 4985.9415688406325 5013.218624790195
1498491294500 4998.967776937634 4986.36607103431 5013.401530897864
1498491298311 4999.548755585554 4987.303820013027 5013.347709208616
1498491302665 4999.209217782828 4986.890544241688 5012.7569335001635
1498491306628 4999.336850559196 4986.873383330259 5012.4752226686605
1498491310565 4999.839539135858 4987.261138576508 5013.595350206004
1498491315212 4998.929025174831 4985.94296160472 5012.812499343632
1498491319377 4999.482873083955 4986.659896262722 5013.596970653546
1498491323737 5000.119542557372 4986.591896436819 5014.832579819411
1498491327997 5000.867973616083 4987.330269548217 5015.291299932295
1498491332209 5000.1589977104195 4985.815691009447 5014.774728837701
1498491336050 4999.923559941052 4985.548751367655 5014.821335292198
1498491340189 5000.06140695618 4986.41910619577 5014.001260040134
1498491344503 4999.738987047606 4986.669086233731 5013.636840558573
1498491348900 4998.601635219588 4985.611763314542 5012.819331983806
1498491353295 4998.091428327317 4985.219059026199 5011.926178216505
1498491357897 4998.664910864188 4985.670039073721 5012.237209787898
1498491362348 4997.769448657425 4984.815707430999 5010.765177395874
1498491366813 4998.1670554459 4985.498106522222 5011.507348773825
1498491371324 4997.920946505926 4985.300086923978 5011.190217841201
1498491375906 4997.555593055247 4984.899815342528 5010.381069189559
1498491380807 4996.981208483735 4984.502470866588 5009.889110176172
1498491385391 4997.556485820344 4984.9579698433035 5011.297345350603
1498491390037 4997.575980863287 4997.575980863287 4997.575980863287
