1502726170751 4945.716609589041 4839.138831967213 5047.672183098592
1502726171608 4980.61010445534 4904.772087788408 5055.359267734554
1502726172390 4983.9370470370895 4920.035547785547 5047.54136144363
1502726173168 5020.18432 4969.929872998344 5072.514257481649
1502726174263 5038.948168388694 4982.671379111368 5092.773976489663
1502726175252 5029.802478809032 4979.410115091587 5076.050603373558
1502726176264 5030.056183206107 4985.052646162372 5074.382623626374
1502726177628 5025.531904660111 4987.373393758605 5064.669052695705
1502726178322 5015.8556573761925 4978.008026111616 5056.095526346132
1502726179087 5026.934458449049 4993.180868476796 5063.725338052455
1502726180444 5014.690918272218 4981.994221025966 5048.121466768525
1502726182054 5022.584971509971 4991.688407467158 5054.117703278929
1502726183376 5018.114222791966 4989.379243937233 5048.876228321474
1502726183980 5016.068683415245 4987.517505216786 5047.156117677381
1502726184930 5015.093153183969 4984.554519230769 5044.124682013756
1502726185885 5014.175810373854 4985.556189903846 5042.67086389689
1502726186759 5018.922211879544 4994.107864450128 5044.713513663322
1502726187552 5016.630988859592 4992.192526455026 5040.50530046225
1502726188588 5017.428410701829 4993.632387801305 5042.953788179294
1502726189901 5017.186948250433 4993.912932692308 5042.378433961306
1502726190933 5020.923966370132 4998.9075442235535 5043.523778830256
1502726191747 5019.089439424852 4999.456119020249 5041.367075609361
1502726192824 5020.206182500883 4998.436131239936 5044.8514249837435
1502726193919 5015.315557930359 4991.140745582592 5038.768167645158
1502726195300 5018.093450274401 4992.8446851914205 5041.593224629274
1502726196006 5011.729133107598 4987.370165234143 5035.493768106178
1502726196819 5011.420408680099 4989.206829216804 5033.605456340303
1502726197699 5010.34111307852 4986.661088622235 5032.846125882842
1502726198412 5010.4163584113185 4988.054018215445 5032.365777137333
1502726199141 5012.714098510099 4991.129340731621 5032.954750281638
1502726200038 5013.51347476669 4993.220501138952 5033.324577731817
1502726201453 5012.593133654706 4993.050911458334 5032.916040215414
1502726202693 5010.4146420431 4990.655581110089 5028.950768035899
1502726203911 5009.23779185202 4989.483082273575 5028.167034817735
1502726205085 5008.869153858362 4988.971243181478 5027.0719203362505
1502726206215 5010.5572725654265 4991.953101344608 5027.522235082304
1502726207609 5013.463156922296 4994.575534751366 5030.747299924918
1502726208771 5011.092486199026 4992.22153290487 5029.390498613021
1502726209872 5012.969514065376 4993.858069924859 5030.955388921525
1502726210849 5011.608034350534 4993.119588068182 5030.2350021767525
1502726211801 5008.880155471729 4991.271403892917 5026.7638204636205
1502726213119 5010.037902832031 4992.137352445194 5028.278900536324
1502726214364 5013.368667898806 4995.638722706046 5031.571057314403
1502726215558 5013.999883456675 4996.529442320019 5032.410821438602
1502726216747 5012.4180143393005 4995.1813243982015 5031.0610546900225
1502726217723 5013.716361204262 4995.825246310626 5033.56861082037
1502726219149 5010.589550814098 4991.735800933687 5030.563666949563
1502726220282 5010.165266156311 4991.3831074763275 5030.24771412577
1502726221540 5008.9497214011035 4991.254231427534 5027.374522536287
1502726222831 5008.904341955717 4990.466704085315 5027.813764344491
1502726223935 5008.033688567168 4989.98587535801 5027.905987324366
1502726224943 5007.539524603768 4989.048162443363 5027.478824322223
1502726226441 5008.3400322450625 4991.236973111549 5027.208018867925
1502726228069 5008.1766330147475 4991.2768408418815 5026.203600444449
1502726229098 5007.91052451681 4991.429429512298 5026.065950742344
1502726230140 5006.933847538832 4990.268858238864 5024.373458574638
1502726231062 5005.209363686108 4988.2968774963165 5023.775310323155
1502726231995 5005.844243093923 4988.934215079974 5023.661384051329
1502726233006 5005.6664880327335 4990.055420736257 5022.325039992135
1502726234197 5003.9608277374655 4987.039375 5021.291123188405
1502726235492 5005.131403476824 4988.943421493137 5021.687899959811
1502726236834 5003.686411654045 4987.420678152183 5020.661250541299
1502726238142 5004.895246490812 4989.102766004598 5022.151660180927
1502726239070 5005.776953782073 4990.431411295103 5021.918458728569
1502726240022 5005.204670022739 4989.611954263486 5021.270279880599
1502726241026 5004.033623072094 4988.952457512077 5020.73660298766
1502726241971 5003.124404689801 4988.138915216539 5019.215062596523
1502726242840 5003.7900747534395 4989.047627941726 5019.57930958824
1502726244274 5003.294973561354 4988.378436622477 5019.02271924322
1502726245604 5002.350130294949 4987.381672124089 5018.169088854619
1502726247017 5003.481014181453 4988.935635571412 5019.437829148806
1502726248326 5003.394388342372 4989.228034979424 5018.978139286061
1502726249292 5003.335590185327 4989.441788256275 5018.604920678007
1502726250252 5003.91670322819 4990.00951820792 5019.2072573784435
1502726251216 5004.116372190515 4990.487991355899 5018.884988119277
1502726252491 5004.166985215583 4989.661416634896 5019.224964244851
1502726253510 5004.467198925865 4991.12646560637 5019.6369069320235
1502726254608 5003.985325774382 4990.899430447945 5018.850739901827
1502726255945 5002.067452978141 4989.465668260064 5016.700201672697
1502726257072 5001.918636754442 4988.565125393291 5016.179125445309
1502726258162 5000.928079789451 4987.9661108040045 5015.01099339782
1502726259312 5000.944224768037 4988.680294808925 5014.268082294072
1502726260443 5001.060485655758 4988.276629856606 5014.426586850104
1502726261400 5000.573372729908 4988.193852190974 5014.292689203724
1502726262389 4999.774689931051 4987.515383602528 5013.285757438453
1502726263402 5001.073059882381 4988.522036655368 5014.66081101254
1502726264519 5000.91969559347 4988.233527727263 5013.927633336382
1502726265607 5000.602294956241 4987.385717296875 5014.061666523642
1502726266776 5000.819382921643 4987.1736165309385 5013.963451239258
1502726267922 5000.47307051638 4986.719141811752 5013.574415048308
1502726269115 4999.13666360018 4985.187981814588 5012.071070748909
1502726270228 4999.080182175239 4985.722318072384 5011.894730613165
1502726271136 4997.686432386998 4984.630776067125 5011.15266485689
1502726272173 4998.018149430615 4984.940730890465 5011.198463827904
1502726273147 4998.034032508262 4984.501199860326 5011.4300192443
1502726274363 4999.066006630031 4985.055123095078 5012.63655984394
1502726275527 4999.428394017862 4985.847284283865 5013.203758135629
1502726276695 4998.409340156396 4985.266786413814 5011.734353400374
1502726277879 4998.377649774556 4985.934965394687 5011.583809936905
1502726279073 4997.575980863287 4997.575980863287 4997.575980863287
