1498491130259 4964.3182786536 4854.11777679753 5068.573939625526
1498491132203 4981.352301790282 4913.297166149068 5063.969635627531
1498491135271 4992.6725730579765 4930.7020738492665 5053.044210236654
1498491137703 5025.547753708249 4972.180284659989 5078.696246059795
1498491140067 5016.033037391156 4966.858227212847 5067.5833788955715
1498491142625 5011.200879214682 4972.124320316362 5052.8070125
1498491144755 5000.327822432541 4960.262374702904 5038.292822697726
1498491146640 4999.204295330697 4964.200460912788 5036.618621395779
1498491149191 5012.661241376953 4980.739553405583 5045.394768258712
1498491151015 5013.375133518479 4982.336679373147 5046.028412978501
1498491153887 5018.611277231952 4989.995379680043 5049.904336890729
1498491156173 5018.841304292098 4990.921773244821 5049.397768552154
1498491158525 5026.267737897386 5000.196275354144 5053.050687792582
1498491161056 5022.399395037255 4996.320061464794 5047.1807392857145
1498491163044 5013.56888131161 4985.273289707257 5043.538928571428
1498491165811 5009.052821898134 4981.580332164993 5037.64363425926
1498491167900 5006.337721698678 4978.537469339423 5035.359556089107
1498491170475 5009.9330917988045 4986.090014932315 5035.813211216162
1498491172646 5009.677482401444 4988.014339356614 5034.213638825913
1498491175005 5011.792624265099 4991.484662014628 5034.932313454617
1498491177794 5013.249135066479 4995.506299662279 5034.7634601630325
1498491180001 5009.5671325202275 4993.124349715164 5029.093332612966
1498491182535 5008.698534348925 4993.293829954278 5027.065902567358
1498491185226 5005.793401753261 4990.252802999187 5023.573420138889
1498491188205 5007.805613038942 4993.260658774494 5024.80155210643
1498491190445 5008.81425096299 4992.3216483086 5027.584663778266
1498491192859 5005.865837548044 4990.83207683145 5022.624369451726
1498491195647 5006.075233782726 4990.084776290185 5022.893778954335
1498491198475 5005.390371222259 4990.556351271934 5021.0763642538195
1498491201426 5002.891913845733 4986.997908062452 5018.120837870619
1498491204762 5005.425547467096 4988.424747357048 5020.876504539139
1498491207423 5004.745951191982 4987.149296903776 5020.994918807217
1498491210513 5004.655180225426 4986.577114697281 5021.310653151789
1498491213715 5003.866857545779 4985.2780022637235 5020.672865182285
1498491216716 5000.766305416193 4982.8105489432 5017.429925036934
1498491219884 4999.6910071312295 4981.430787871087 5016.9924799819555
1498491223143 5000.074427407537 4980.902278846421 5016.727089285714
1498491225848 4999.981045022877 4982.20727513718 5016.442424473272
1498491228966 5002.545082860182 4986.546613202778 5017.724243042996
1498491231694 5002.429882946001 4985.214029107243 5018.7969
1498491235219 5000.5151683449185 4983.582488570392 5017.7872875842695
1498491238790 4999.42755344418 4983.517488685645 5016.724654761905
1498491241671 4998.737892614238 4983.935272031376 5015.14996875
1498491244598 4998.809583826438 4983.650624506789 5016.45811394076
1498491247416 4998.208003486092 4984.126255749609 5014.405304856077
1498491250751 4997.333675090993 4983.01844121988 5013.299013692213
1498491253720 4997.54015318829 4984.399929898353 5011.794956812148
1498491256338 4998.006117488241 4983.852645833334 5012.855751791657
1498491259874 4999.1865609473725 4983.970537663313 5015.157549022198
1498491262885 4997.997197443522 4982.770407311964 5012.801236422212
1498491266249 4995.470177567378 4981.2811013416 5010.107178403136
1498491269460 4995.908276477851 4981.85170392249 5009.928528908401
1498491273177 4995.861139356239 4979.898340232351 5010.097090217091
1498491276336 4995.37378669811 4979.311242109786 5009.415151571336
1498491280250 4995.1560905789365 4979.406834341408 5009.4854214285715
1498491283525 4995.435759608606 4979.8198153159665 5010.056162014231
1498491286853 4997.582713770531 4982.1034586029455 5011.953713378575
1498491290301 4996.9845136808635 4981.76416405226 5011.356522334196
1498491294276 4996.187836544214 4981.616869618358 5010.838595173778
1498491298089 4995.398418002804 4980.311727449542 5010.246086956522
1498491301971 4995.074916993919 4980.010978278834 5010.716211643161
1498491305800 4995.3231472580055 4979.9073465825695 5010.822744565217
1498491308774 4997.255983181715 4982.063798972825 5013.419314709951
1498491312096 4996.724164156466 4980.407725666023 5013.485357758621
1498491315514 4997.597011736859 4981.627361607143 5014.505202586207
1498491319185 4998.360290033413 4982.761297626032 5013.696171428572
1498491323435 4997.011574499357 4981.350969187311 5012.7395818965515
1498491327565 4996.219023977577 4980.969980529595 5012.602101968463
1498491331633 4996.638695923372 4981.3801331319955 5012.156097016473
1498491335400 4998.357336637259 4982.1183125 5013.008668811979
1498491339631 4998.50346465708 4983.696820859393 5013.139765625
1498491343832 4998.9705450133715 4983.854043141905 5013.760551378682
1498491348210 4998.392058101036 4983.198948363878 5012.862603086783
1498491352469 4998.1861847108175 4983.366743284954 5012.4187660365815
1498491357140 4998.704220779221 4984.898634317375 5013.355171447585
1498491361328 4998.211122646467 4983.96048136229 5011.5992572498535
1498491366190 4998.654611010718 4984.1558982324095 5012.621051960268
1498491370721 4998.812160903631 4984.050856276724 5013.094914386711
1498491375411 4999.8377044768085 4985.023092977088 5013.71454725574
1498491380098 5001.118079320525 4986.690378261749 5015.010843055038
1498491384730 5001.575779584478 4986.4257306270865 5014.878467857143
1498491389753 5002.099738115887 4987.262895306688 5015.4232996455075
1498491393797 5002.315262665487 4987.631693950399 5015.518421305528
1498491397754 5001.618269510091 4988.192573435124 5014.791916922929
1498491401536 5000.844375811633 4987.0726628435405 5013.849201947593
1498491405526 5001.6917964161385 4988.174635523431 5014.741075873227
1498491409510 5000.956091976608 4987.390755540617 5014.664881149921
1498491413267 5001.855460957157 4988.27091470741 5015.215680905731
1498491417658 5001.142682614267 4987.929167392007 5014.722959115518
1498491421955 5000.250876735851 4987.19473208127 5013.736873105109
1498491425341 4999.882753200378 4986.7175008022095 5013.844034273431
1498491428978 4999.386807160216 4986.141464752109 5013.819634743456
1498491432892 4998.44219064338 4985.125935884453 5012.599813076421
1498491436951 4999.248233887157 4986.255535035768 5013.88271367267
1498491440307 4997.716385459827 4984.19207013771 5012.289541880233
1498491443645 4997.9433953398975 4984.867293191518 5011.999182762512
1498491447329 4997.869391747865 4984.529186836752 5011.61611540384
1498491450809 4997.417919373924 4984.573894356062 5010.656288967121
1498491454815 4997.510145150404 4984.7978279294375 5011.10714982139
1498491458512 4997.575980863287 4997.575980863287 4997.575980863287
