1498509252161 4989.034322033898 4885.527095516569 5085.183132530121
1498509256756 4954.148305987641 4881.0694106186065 5015.78505007153
1498509259988 4919.823579803353 4861.594076736918 4978.496659513591
1498509262764 4945.6564364876385 4886.7033620585025 5001.913355408388
1498509266318 4957.154922368197 4901.440243017773 5005.258643367155
1498509270093 4970.148219236511 4919.114410361963 5017.847527777778
1498509273083 4969.042433707999 4927.95906350764 5011.869899572067
1498509276251 4980.765660014939 4941.194092169005 5018.912600698048
1498509279293 4986.015352955743 4949.840598029645 5023.002661458333
1498509282982 4984.0781970291955 4948.4093639806715 5019.586411353032
1498509287033 4989.2583604793645 4957.960959283306 5021.315190808674
1498509290024 4988.717616635587 4954.855119137318 5023.4162271398745
1498509293532 4991.4502382608025 4960.229568423805 5023.869260574001
1498509296636 4997.153966913239 4967.024158356925 5027.299299290455
1498509299611 4994.878125359942 4969.336074427491 5021.244402860389
1498509302838 4991.666423479118 4966.413101271361 5015.324478524252
1498509306718 4996.706622183162 4970.213884036739 5022.709588624902
1498509309955 4997.093962566891 4971.966535694545 5020.806233687606
1498509312705 4991.284153331996 4968.718522095514 5014.725858960129
1498509315715 4992.582228767796 4971.442383703254 5013.259324918451
1498509319187 4993.642002715141 4971.288356239335 5015.384094460004
1498509322245 4989.0747350404 4967.518735264399 5009.396387244377
1498509324991 4993.832422648727 4973.499824871105 5014.049942541383
1498509327978 4993.000725720384 4974.263863297206 5013.26175
1498509331232 4995.74825843464 4975.556305381139 5015.557335209332
1498509334118 4997.115723963068 4973.6198557382295 5017.105022727273
1498509338218 4991.718113900273 4970.355234945416 5009.644607954546
1498509341002 4993.161171598138 4973.04863131803 5010.408190217391
1498509343383 4995.922079585927 4976.500125080214 5012.168833333333
1498509346286 4994.029120367602 4973.147011345036 5013.3820216449885
1498509349602 4997.543337148323 4978.007437391493 5015.840345752183
1498509352514 4996.877442083912 4977.508704705902 5015.05645045054
1498509355960 4996.472713064421 4976.833463785714 5014.822356767371
1498509359355 4999.206346495423 4979.288129829211 5018.019690983003
1498509362044 4999.39062513342 4980.289894727341 5016.919200635074
1498509364749 5000.494693250224 4981.872104166667 5017.5790519977745
1498509367688 5000.216627459687 4980.313781006418 5018.521411733622
1498509370841 4997.483688064385 4977.730965905486 5015.789023259317
1498509373637 4997.086670082404 4977.861880195702 5014.34737229387
1498509376136 4997.701026922009 4977.725770236549 5015.047006810518
1498509379071 4999.700982108544 4980.927235889203 5015.8360509259255
1498509381855 5001.4704287300365 4983.612634910159 5015.990347600329
1498509384947 5001.982795506078 4983.810413467193 5017.309732898535
1498509387811 5002.419046968344 4984.631655808749 5017.346410945833
1498509390524 5003.3705340747 4986.287338783106 5017.078255132788
1498509393444 5002.891134818408 4987.3133951631835 5016.8116712962965
1498509396118 5002.304063346174 4986.803863444032 5016.318728007786
1498509398894 5002.058718253189 4985.684384120441 5017.067891447368
1498509402187 5002.44643345293 4984.974045749865 5017.308965909091
1498509405581 5001.7934348914505 4985.033387362876 5017.734909090909
1498509409050 5002.451227848318 4985.488740429365 5017.841544956937
1498509412248 5002.905462391318 4985.501006912317 5019.27643975036
1498509415464 5001.8493840770125 4983.757707871546 5018.276570606168
1498509418435 5001.045487173352 4983.189262596777 5017.805089342568
1498509421759 5002.906342926479 4984.680272042274 5019.835318977382
1498509424383 5002.79505790978 4986.171120562628 5018.8014436218955
1498509427132 5001.469104315655 4984.3975034947325 5017.824767813813
1498509429869 5001.283365801975 4984.691994144313 5016.857131809134
1498509433699 5000.349122259866 4984.373417185839 5015.676553030303
1498509436105 5000.789777023938 4984.98313590798 5016.703442961718
1498509438810 4999.47104034315 4984.101161936379 5014.529844165374
1498509441528 5000.374667298959 4984.489045452322 5015.694937256599
1498509445149 5000.981053647867 4985.233368136525 5015.820244624187
1498509447463 5000.595970642767 4985.1279301535615 5015.595740993834
1498509450326 5001.262398380062 4986.475217831616 5015.2678651042215
1498509452680 5001.697428733762 4987.403615224833 5014.801209792827
1498509455154 5002.444020557338 4987.290001995353 5016.548612945839
1498509458015 5001.6154000615215 4986.524216415676 5015.734713094426
1498509460438 5001.450296070339 4985.9375076441775 5015.837372642055
1498509462830 5002.187907763692 4987.317229974363 5015.803901716799
1498509465822 5002.278544665325 4987.276524751216 5015.792099176114
1498509467951 5000.993485021959 4987.079067387925 5014.327917790129
1498509470710 4999.907224906341 4986.295691183529 5012.11265590084
1498509473521 5000.702286163414 4987.702589310768 5012.74416579589
1498509476766 5000.071348017019 4987.0619551850605 5012.303630406871
1498509479003 4999.902387136462 4986.51898548201 5012.355460153126
1498509482277 4999.816275880923 4986.677758020931 5012.222552411653
1498509485284 4999.460298678331 4985.9275993281 5011.715764338012
1498509487350 5000.05860793343 4987.0243182571185 5012.029204931874
1498509490917 4999.165563140224 4986.235917129369 5011.032297757947
1498509493774 4998.825062474636 4986.169888648969 5010.4666257971485
1498509496036 4998.75461647879 4986.576128329375 5010.459051930249
1498509498761 4998.859364588495 4986.43246 5010.750268907369
1498509501991 4998.610635798646 4985.5768590000625 5010.4007888795195
1498509503983 4998.849742216299 4985.857237279946 5010.482249915532
1498509505835 4998.981701925911 4985.143263741043 5010.611814694715
1498509508183 4998.456415797858 4984.397496701953 5010.495802733237
1498509511140 4997.520309576895 4983.606155 5009.339247224674
1498509514025 4998.386830168371 4984.645125543475 5010.468027475835
1498509516846 4997.918666786268 4984.163068473308 5009.789586269237
1498509519765 4998.189280511924 4984.815841420486 5009.713043730426
1498509522088 4997.656410453563 4984.808281439473 5009.10926860941
1498509524088 4998.9078610697 4985.660732966529 5010.702587122822
1498509526023 4998.375771038018 4985.338572498486 5010.299692449528
1498509528507 4999.3624123805575 4985.714303129517 5012.624382184512
1498509530927 4999.221761843944 4986.000685516149 5012.757659464269
1498509533391 4998.4555543215465 4985.050405130639 5012.094576353205
1498509535918 4997.49633502486 4983.904877315265 5010.722523982169
1498509538611 4998.029649722341 4984.8517157780625 5011.206254900903
1498509541036 4997.575980863287 4997.575980863287 4997.575980863287
