1498491253133 4989.309392265193 4883.816043193213 5092.258833922261
1498491255630 5101.394793000427 5026.933689286944 5180.939724199288
1498491258212 5062.261698862495 5008.761150735294 5121.631947700631
1498491261124 5036.439512247299 4984.486668392441 5090.354667499219
1498491264192 5020.613196229649 4976.885818879107 5061.6465203017715
1498491266757 5022.018134204255 4981.66352500569 5057.405135727112
1498491269576 5035.123261894556 4996.949755635619 5069.772505443351
1498491272497 5027.6270738240655 4988.368705477769 5062.52872317974
1498491275841 5027.436000993627 4991.2701699356785 5059.541664193043
1498491278691 5024.163111453782 4992.177773582531 5053.324597950171
1498491281792 5017.470221704517 4986.730539285104 5043.527385663147
1498491284309 5018.773057992724 4988.909487312273 5045.4140278308405
1498491287044 5011.99594779632 4980.113195184267 5038.646518767565
1498491290302 5007.729027976968 4979.846461441984 5032.195598832554
1498491293953 4998.07044436642 4971.086074695841 5022.654486779096
1498491297226 4998.014661815068 4968.592329983692 5022.696178903975
1498491299839 4991.546605254033 4963.90719302629 5016.436986868712
1498491302762 4992.627379826517 4965.330331732145 5017.320162689227
1498491306225 4991.35682137112 4964.425960494702 5015.6202776065775
1498491310047 4993.141640999315 4967.24358552992 5014.863946887328
1498491312821 4990.824752983447 4965.458703875233 5013.989966947436
1498491316005 4990.379566507856 4962.948564284915 5015.516869620827
1498491319424 4988.378669347077 4962.314145986848 5011.429581521739
1498491322732 4988.823042187994 4962.014678240972 5014.119323594792
1498491326708 4986.699233847522 4962.611775763154 5009.98830148414
1498491330178 4983.428470052111 4959.414128729571 5005.547440121598
1498491333500 4982.856297613653 4959.991098178781 5005.380941728025
1498491336336 4985.143960539082 4962.74756164343 5009.342133416326
1498491340046 4986.029624119933 4963.983077621426 5007.233936702048
1498491344035 4984.283827621136 4961.830757153299 5004.33522388423
1498491348162 4983.40811598663 4961.438301100593 5003.484270511709
1498491352469 4986.045121007894 4964.982265312015 5003.928173387097
1498491357139 4984.905033567085 4965.603857707772 5001.949736486781
1498491361462 4984.632081759609 4966.88688175204 5001.343127325568
1498491366190 4988.492940176271 4971.013226851852 5004.108025033509
1498491370613 4988.657852680517 4971.05418842147 5005.041033022031
1498491375278 4990.351683472911 4973.523131171095 5005.338302281629
1498491379948 4991.778878282643 4974.951343603175 5007.720230984768
1498491384730 4992.272444484325 4975.968953402366 5007.445841735658
1498491389497 4990.026900329897 4975.0007813337825 5005.316729054277
1498491393434 4990.4972777777775 4975.938002473717 5005.104616446883
1498491397522 4992.482513119434 4977.6870763349325 5007.440821089832
1498491401235 4992.240109047247 4977.274584934481 5006.807776815382
1498491404866 4994.197079481177 4980.699000872665 5008.4472242148895
1498491408829 4995.645753320488 4982.672757580905 5010.306341999339
1498491413155 4995.276250576795 4982.2076690319045 5009.014990848054
1498491417372 4994.642276665926 4980.849462897431 5010.268946964167
1498491421161 4995.540227674795 4982.460838834241 5010.247613218632
1498491424560 4995.911143304018 4983.26378333698 5010.249439891794
1498491427944 4994.217286145274 4981.107682794011 5009.170640993159
1498491431131 4995.652060390839 4982.827463077844 5010.427676578961
1498491434312 4995.12126780365 4981.996608288795 5010.10294903662
1498491437369 4994.863439417506 4981.360889204393 5009.30338212464
1498491440443 4992.456149570404 4978.609599591793 5007.584038474509
1498491444216 4993.548241004212 4979.543665765573 5008.7538264065815
1498491447816 4993.872924258671 4979.918406886271 5008.226873787784
1498491451156 4993.294844462293 4979.928580876842 5006.92310788909
1498491454624 4993.543071001038 4979.64250863682 5007.403600506934
1498491458064 4994.798798542186 4980.914955599218 5009.354666722276
1498491460817 4994.883750640916 4980.692414739318 5009.136402609224
1498491463703 4994.965124774099 4980.330342357608 5010.006131930072
1498491466909 4994.021395857543 4979.184875 5008.940196311697
1498491469839 4995.868984905386 4981.145490845565 5011.156512099421
1498491473034 4997.308614392208 4982.491991419246 5012.098476404993
1498491476227 4997.5176034826745 4982.955310895153 5012.2811380215935
1498491479270 4997.694928288538 4982.77599833986 5012.49014471705
1498491482327 4997.560119281577 4982.641510231182 5012.27329223317
1498491485101 4996.093293800493 4980.956490378423 5011.394025299175
1498491487799 4994.453864622851 4979.774764736135 5009.960416368501
1498491490601 4994.580025717593 4979.311291407433 5009.390880791389
1498491493352 4994.2281603376605 4979.246794550569 5009.331058761015
1498491496162 4993.285843660426 4978.769271245377 5008.1713013526005
1498491499050 4993.854419321905 4979.237087379355 5009.201574377842
1498491501990 4994.327548056386 4979.953144626272 5009.792455252668
1498491504949 4994.917803654879 4980.411295102123 5010.889266327253
1498491507928 4994.817467674209 4980.351846198131 5009.93621513642
1498491511087 4994.809325889253 4979.916321020931 5010.031292012424
1498491513740 4995.952669192685 4980.8890653126755 5011.220865152818
1498491516669 4995.265179021469 4979.389583850231 5010.7630504317485
1498491519439 4995.900998261479 4980.362960899043 5010.651747709477
1498491522480 4996.702739298879 4982.00325462963 5010.904214437125
1498491525173 4997.814365221403 4983.742843531653 5012.358640133844
1498491528098 4996.813125186862 4982.703314277698 5010.386377818592
1498491531211 4996.986610117369 4983.018758954947 5010.677687493
1498491534187 4996.468032580329 4982.617985459949 5010.411304070377
1498491537478 4996.256781402024 4982.545259259259 5009.533399421141
1498491540237 4996.365683435415 4982.568120782951 5009.297742283971
1498491543330 4996.84519807795 4983.6978917823 5009.2968561257
1498491546053 4997.616433675453 4984.510251524738 5010.469048794349
1498491549228 4997.696631613118 4984.825673712796 5010.646142230114
1498491552540 4998.532537706151 4985.811598981389 5011.450574562549
1498491555091 4997.611885916389 4984.904747451933 5010.460396659139
1498491557866 4997.8016762282305 4985.024347956851 5010.544573810002
1498491560818 4998.056575805343 4986.023926978945 5011.025180440188
1498491563321 4997.373480181481 4984.427088066283 5010.940571330323
1498491566412 4996.898672636315 4983.91257692282 5010.03372145966
1498491569257 4996.729337986834 4983.949067730623 5010.075679186472
1498491571618 4996.647754601647 4984.462686904406 5009.785077021969
1498491575155 4997.58886596529 4985.23710974456 5010.409945250067
1498491577891 4997.575980863287 4997.575980863287 4997.575980863287
