1498509128545 4988.670929241262 4879.601953125 5095.745716862038
1498509131666 5025.266041355788 4958.403740374038 5087.412882787751
1498509134058 5014.125745950554 4957.51561638156 5078.951084089035
1498509136717 5005.861090365945 4949.001390820584 5060.621844301257
1498509139363 4995.137598223437 4939.872094651359 5051.608939628483
1498509142264 5004.677549626467 4953.067870513541 5056.226925038246
1498509144559 5000.049942161001 4952.877725694444 5045.202346242101
1498509147174 5011.690197384716 4975.48993142484 5046.928175
1498509149924 5013.37905830286 4976.221116162408 5041.845515798691
1498509152642 5007.587046609989 4968.727905849165 5037.961148039367
1498509155530 5007.575070312968 4972.960435185185 5037.439289473684
1498509158251 5000.410520062737 4963.39651645997 5031.529216551628
1498509161444 5004.585003867405 4967.794878029472 5034.759839690598
1498509164395 5003.604950930756 4968.462571345906 5033.979861111111
1498509167931 5000.282822243103 4964.785588613744 5030.171674517349
1498509171113 4996.999222803459 4963.740720627623 5027.628324786955
1498509174360 4997.625201283086 4962.988231481481 5029.590389788233
1498509177148 4998.3665950549475 4965.4641486355395 5028.433972426247
1498509179883 5000.7423880584265 4970.802674357398 5030.358562694735
1498509182664 4994.2906768073835 4963.685489864865 5025.282716701903
1498509185339 4993.686085165657 4965.020295217056 5023.871412223546
1498509188314 4994.671224097415 4965.705937413039 5025.229972656394
1498509191612 4996.656206207062 4967.266939104766 5026.528725831491
1498509194480 4999.0400085433575 4968.502299867316 5030.651709795227
1498509197931 4999.134400792905 4969.814232401789 5028.492382819865
1498509200739 4998.293661878585 4968.838033508049 5027.818763935471
1498509203795 4998.931070125832 4971.412051789665 5027.396679546591
1498509207119 5000.869288304721 4970.58930761411 5030.340724157731
1498509211103 4999.235548855226 4969.184758206123 5026.793993656169
1498509214250 5001.259557730744 4970.614166373205 5029.762385349515
1498509217436 5003.064629089496 4972.11994788589 5031.771670116722
1498509221429 5003.9321760297225 4973.786075441231 5031.975319873224
1498509224773 5005.785813119234 4977.526512753256 5033.862495416209
1498509227692 5005.196085046055 4979.423815217391 5031.525096365828
1498509231114 5001.763666020479 4975.344649330702 5027.063022086586
1498509234757 5000.028089551729 4975.841891304348 5026.065181894585
1498509238816 5000.708903202659 4976.9843983104165 5025.667004818666
1498509242160 5001.967527142577 4978.799655 5025.98842313956
1498509245740 5000.124147357181 4977.226881595307 5025.704082292432
1498509249196 4997.829517300299 4974.70645 5023.123970588235
1498509253030 4996.633579242793 4973.885065863259 5020.978936772228
1498509256812 4998.272888053485 4976.36325 5022.087252151093
1498509260794 4999.739329528757 4977.588811148334 5023.809722332303
1498509264635 4998.403356103229 4977.239944627471 5022.028215967686
1498509267641 4997.195233742268 4976.182258079612 5020.1128210664365
1498509271012 4997.938267596789 4977.705013320417 5021.049660493011
1498509274637 4998.171844763878 4978.904611825936 5020.646924394284
1498509278471 4996.531285911407 4977.513996155595 5017.4775434782605
1498509282725 4993.985540985007 4974.998362121007 5013.855581094291
1498509287125 4996.53137628474 4976.923613646505 5014.433621782015
1498509290889 4996.705795919065 4977.8719511053705 5014.085199391068
1498509294042 4993.908768212826 4976.430321692983 5010.808185765528
1498509297946 4994.283416634627 4976.370855392573 5010.422879763285
1498509302309 4992.987386002008 4975.47840546099 5009.007059988292
1498509306798 4993.366174799422 4976.849888888889 5008.856794384301
1498509310328 4993.129655419895 4976.8741511586495 5009.461442898787
1498509313915 4993.353526463967 4977.553957750527 5009.482475162039
1498509316809 4995.846304707295 4979.356254971887 5011.94253231281
1498509320145 4996.314369338575 4980.226782666914 5012.913828525678
1498509323728 4995.811650361004 4979.193517487516 5013.229784381939
1498509327268 4995.484209177134 4978.824452947821 5012.748927754646
1498509330685 4995.3430074082935 4979.025490737738 5012.267924094478
1498509334035 4995.264037935748 4978.950921699959 5011.9185079935
1498509338345 4994.352646149114 4978.448409628255 5010.999862380271
1498509342290 4992.364072920538 4976.904553742919 5009.1642137778745
1498509345788 4991.148378855265 4976.236223668606 5006.9204147537985
1498509349242 4992.226249428533 4977.220724027899 5008.743953294412
1498509352631 4991.031890894175 4975.698736326217 5006.660844839005
1498509355960 4991.128981538054 4975.73812962963 5007.6160662826505
1498509358984 4990.9343781779025 4976.034061130563 5006.9561454346285
1498509362040 4991.404115676489 4976.568319899645 5006.876948744249
1498509364880 4990.466886016451 4975.91141390257 5005.689120488053
1498509368373 4990.803484138921 4976.660745933941 5005.877138833696
1498509371231 4992.286191631913 4978.698617894811 5006.8022967321185
1498509374420 4994.232509549568 4980.997910523079 5008.314932864351
1498509377522 4993.773511541058 4980.6914787719825 5008.09530629821
1498509380668 4994.810502478209 4982.063374978809 5007.966698282702
1498509383817 4995.280387448514 4983.073497452491 5008.419972665831
1498509386750 4995.755744400864 4982.575479221932 5008.778036669387
1498509389725 4996.258557634795 4982.805669580335 5009.630102319982
1498509393248 4996.097698939615 4982.58605039363 5010.169816698062
1498509396424 4995.425433293888 4981.869813410918 5010.236353254485
1498509399590 4995.921473058292 4982.380959945447 5011.162645953145
1498509402459 4994.847766192383 4981.21247761565 5010.367515693653
1498509405965 4995.078965241795 4981.7358392407405 5010.330990531985
1498509409342 4995.104166933641 4981.7682207968055 5010.217470902249
1498509412558 4996.122498408807 4983.4905585580345 5010.766974943676
1498509415981 4996.6511382520175 4983.684388888889 5011.852824972518
1498509419145 4995.766361209015 4982.608163891383 5010.448585093663
1498509422300 4995.487843224376 4982.520849184916 5010.4138473189805
1498509424863 4995.814840922976 4983.1818349973155 5010.88574973752
1498509427541 4995.782743372284 4982.728652725834 5011.234690397197
1498509430263 4995.534752572959 4982.28968112699 5010.502787603998
1498509434067 4994.68018216228 4981.824367984255 5009.269984397563
1498509436763 4994.605652333638 4981.464948203926 5009.172057554434
1498509439888 4995.258679754643 4981.960878234493 5009.975847435229
1498509442577 4996.349557276428 4983.164166850864 5010.623315316987
1498509445809 4996.2275556011155 4983.575598236358 5010.057318424039
1498509448303 4996.688881295117 4984.345497588671 5009.862488328529
1498509451846 4997.575980863287 4997.575980863287 4997.575980863287
