1502463806913 5022.721721337682 4998.884342313154 5047.63681021424
1502463808353 5014.4540823395255 4997.219876249405 5033.326306190906
1502463809554 5005.062087833997 4989.061527591849 5019.989992578931
1502463811073 4998.933578490154 4985.107286735449 5011.483827813618
1502463812666 4996.518052511747 4984.421472343386 5007.1485694032735
1502463814215 4998.966751363741 4987.513379729465 5008.701394288601
1502463815909 5002.0088361071175 4991.771054332286 5010.790279693654
1502463818068 4999.021882071361 4989.870016601462 5007.466376779915
1502463819297 5000.906548610502 4991.882129985678 5009.484394112231
1502463820977 5004.486558119502 4995.849388473937 5013.076556553576
1502463823562 5003.022774278963 4994.945458011704 5010.546273928587
1502463825801 5002.618165632845 4994.892694968803 5009.9995461562585
1502463827402 5001.690765021765 4994.431472983911 5008.71450176989
1502463828921 5003.022235522923 4995.971751220679 5009.630809055711
1502463830402 5001.726113717129 4994.8326283243305 5008.098924731183
1502463831980 5002.605504183707 4995.901839362834 5008.792282080792
1502463833519 5002.174631207017 4995.714300318199 5008.248910050097
1502463835196 5002.24375109578 4995.958884163295 5008.031136507907
1502463837831 5002.594066706622 4996.293112898832 5008.201084169658
1502463839979 5002.90517065827 4996.440615539033 5008.627890420292
1502463842089 5003.055127008803 4996.957718426225 5008.843605238635
1502463844379 5002.556972318524 4996.613910644366 5008.098977636661
1502463845560 5002.482076208099 4996.815742963789 5008.159852181362
1502463847080 5003.089894159069 4997.715152031182 5008.487722041684
1502463848081 5003.549408466465 4998.289699147866 5008.96149197842
1502463849657 5003.151180155703 4998.032803018926 5008.455230770093
1502463850988 5002.606445870858 4997.575674905236 5007.658054413635
1502463852382 5002.584239877484 4997.379390200843 5007.439100884295
1502463853629 5002.70258174142 4997.752622551554 5007.616769575498
1502463854711 5002.537871061058 4997.624908205507 5007.087842474613
1502463856366 5001.8557335035475 4996.801862959256 5006.313600083415
1502463857430 5001.584835344084 4996.72190710441 5006.124699214945
1502463859632 5001.483472831193 4996.834823428431 5005.80246916034
1502463861371 5001.096367937307 4996.5820643214765 5005.328044328528
1502463863297 5001.288319313602 4996.698153847284 5005.561844688288
1502463865109 5001.179975905841 4996.718678662549 5005.308712789597
1502463866815 5002.1889631008435 4997.74932370598 5006.298527944777
1502463868907 5001.64997957553 4997.322915354034 5005.82812903144
1502463870090 5002.269801654058 4997.829834428191 5006.302718879018
1502463872192 5002.038591933099 4997.684008509221 5005.893019873377
1502463874821 5001.666248883166 4997.341925056357 5005.593718377715
1502463877508 5001.33428048812 4996.8788476820355 5005.383820636061
1502463879553 5000.820233823072 4996.517773959222 5004.734323461765
1502463881312 5000.800921243606 4996.413231116778 5004.5799110409525
1502463883351 5001.013921827194 4996.864796864951 5004.681199909964
1502463884962 5000.762959196302 4996.487661842972 5004.355787551001
1502463886727 5000.52007144377 4996.553739566984 5003.871816638754
1502463888388 5000.912064613024 4997.000262842702 5004.436341122534
1502463890572 5000.611492925435 4996.841457069477 5003.778316036826
1502463892269 5000.511386659423 4996.579941568292 5003.6325855917485
1502463894526 5000.496035560179 4996.591442723042 5003.71216573404
1502463896343 5000.6479219629 4996.79657848058 5003.888995008494
1502463898543 5000.748717086366 4996.844172546782 5004.14115225776
1502463901156 5000.465435175135 4996.639878983707 5003.684372208889
1502463903256 5000.694358717508 4997.0328053271 5003.98145514477
1502463904993 5000.151403074726 4996.588414449859 5003.399514665825
1502463906505 5000.109461976321 4996.501652987086 5003.34745629423
1502463907970 5000.240406191916 4996.595691501012 5003.337641418837
1502463909488 5000.23340374361 4996.66806591639 5003.115878584415
1502463911268 5000.123715256579 4996.571949852807 5003.080227595913
1502463912836 5000.010371655655 4996.472735455573 5002.808016363125
1502463914551 4999.799428571821 4996.312617729788 5002.432813417801
1502463916565 4999.804954949772 4996.452604763775 5002.5498851610755
1502463918354 4999.780056336526 4996.312864013532 5002.531856711422
1502463920198 4999.559899360506 4996.136571189397 5002.241360579286
1502463922451 4999.600254762337 4996.219905397566 5002.204337709584
1502463924423 4999.444399750506 4996.196864822 5002.052110063123
1502463926837 4999.11350737798 4995.788930632358 5001.729927596712
1502463929046 4998.595660826303 4995.361968177771 5001.307886591979
1502463931512 4998.865550170591 4995.611053552774 5001.577480071071
1502463934117 4999.008047948342 4995.696188758402 5001.707113320172
1502463936224 4999.079488165099 4995.8412315220585 5001.626509645498
1502463938306 4999.095373941347 4995.843988818797 5001.758613901377
1502463940003 4999.275436741304 4996.022968839912 5001.802127474233
1502463941883 4998.996674626866 4995.800407462275 5001.421223035778
1502463943903 4998.929524464145 4995.8754861162415 5001.4065019726895
1502463946490 4998.913942734638 4995.907281445293 5001.498015594415
1502463948744 4998.796886438376 4995.736812171079 5001.483514515153
1502463950959 4998.643434938575 4995.635724781828 5001.356181938853
1502463953476 4998.7462749220285 4995.73000411547 5001.568472578806
1502463955398 4998.616463774494 4995.589397728421 5001.446957448703
1502463957557 4998.283142078862 4995.264610384413 5001.173146670103
1502463959899 4998.270024044884 4995.38192905375 5001.036599005534
1502463961518 4998.060317275785 4995.172065947684 5000.755688877226
1502463963583 4997.93441585432 4995.120465473624 5000.628718366177
1502463965999 4997.914042468157 4995.053381960944 5000.5578705773505
1502463967700 4997.857646144246 4995.001943999569 5000.405139253018
1502463969680 4997.704889970278 4994.76545442894 5000.24223492851
1502463972052 4997.730929587885 4994.914554681588 5000.304653918068
1502463973809 4997.885219173681 4995.146113135813 5000.544218128951
1502463975570 4997.687345110246 4994.856612705341 5000.371238131133
1502463977330 4997.792631392078 4994.942379295403 5000.541575242043
1502463978816 4997.8885032903 4995.00652332709 5000.524007831584
1502463980718 4997.812343744542 4994.979901865057 5000.484757428649
1502463982446 4997.63060179516 4994.816631555635 5000.406704627841
1502463984532 4997.6702674429835 4994.868718780383 5000.305250975713
1502463986443 4997.537752544375 4994.765636488698 5000.128106734102
1502463988159 4997.563398312279 4994.867802934673 5000.265958014057
1502463990018 4997.453143397291 4994.768074999468 5000.140489109831
1502463991545 4997.578261444319 4997.578261444319 4997.578261444319
