1502731237579 5027.299518349601 4999.397471355195 5054.366520979021
1502731239035 5013.614427410162 4995.202328694965 5032.208369246681
1502731240558 4995.774448431449 4982.093786018375 5009.8970287133025
1502731241710 4999.612891534801 4987.630499792889 5012.435440036381
1502731242658 4998.753493864952 4988.058212689244 5009.543254545913
1502731243788 5002.652899668143 4992.301888278637 5013.270709304889
1502731244888 4999.179368414641 4989.177785588129 5009.21943434222
1502731246326 4997.868377229794 4988.816787813769 5006.448287376782
1502731247939 4996.630468511276 4988.264820612454 5004.402673002805
1502731249671 4996.831552175869 4988.844349807648 5004.5869842893135
1502731251015 4997.104426442373 4988.93856743109 5004.643722634968
1502731252568 4996.067518591819 4988.577348195657 5003.634435060417
1502731254220 4996.322533615189 4989.157354530391 5003.514108495346
1502731255668 4995.334628317668 4988.7692052318525 5001.770709181845
1502731257209 4995.591271742112 4988.69124024531 5001.90446401895
1502731258234 4996.606230086231 4990.16763492377 5002.951830513831
1502731259295 4995.912787197753 4989.375267211088 5002.245455740352
1502731260130 4996.1041670368095 4990.195207464936 5001.915802137269
1502731261166 4996.622557352768 4990.493926813294 5002.228079564713
1502731262518 4996.723372547682 4991.0270438848365 5002.1010976080715
1502731263389 4997.228749298217 4991.6899132784165 5002.161190703536
1502731264811 4996.864931729865 4991.4561060114975 5002.003837235818
1502731266330 4996.382869918496 4990.9694002358265 5001.4829457739925
1502731268371 4996.890212963275 4991.529922212822 5001.810130592976
1502731269937 4997.215770582421 4992.107239113532 5002.21491153518
1502731271356 4997.273583087824 4992.387884120807 5001.8608704056205
1502731272796 4996.718002815716 4992.337791114317 5001.353864790679
1502731274858 4996.445671812934 4991.783903779361 5000.599223885732
1502731275982 4996.642052596989 4992.03209004177 5000.866900898508
1502731278064 4996.895867651135 4992.436433451237 5001.269259155005
1502731279168 4997.640112729756 4993.112360887425 5001.743034654375
1502731280994 4997.927256047228 4993.490308757784 5001.948201027758
1502731282020 4998.484028347535 4994.08078196198 5002.6462373448485
1502731283363 4998.470981318462 4994.272073533483 5002.645929157297
1502731285246 4998.778901555414 4994.598376406381 5003.067919246581
1502731286372 4998.558224386292 4994.423924234367 5002.67545152048
1502731287843 4997.816293440031 4993.56649277008 5002.001190115998
1502731289287 4997.869153850082 4993.700245449251 5001.893364175502
1502731290274 4998.104669304519 4994.051577240376 5002.0882399348275
1502731292277 4998.345409103653 4994.341729485931 5002.32270663272
1502731293848 4998.046460376024 4993.7370726509325 5002.173445011467
1502731295072 4998.192198084014 4993.79246298561 5002.187648955333
1502731296273 4998.425174093585 4994.220887898868 5002.422397707566
1502731298975 4998.950919745974 4994.703136597778 5002.863093395757
1502731301001 4998.908294340496 4994.795070165084 5002.653239586082
1502731303745 4998.903836687929 4994.94637627931 5002.61604715581
1502731305575 4998.850981925601 4994.811026895081 5002.346367559488
1502731308101 4998.366396993112 4994.440806018006 5001.895413873208
1502731309749 4998.404319186809 4994.566390215866 5001.847572916501
1502731311996 4997.891455183977 4993.958298530796 5001.389514058888
1502731313818 4997.7287649105265 4994.005413709552 5001.287994660435
1502731316069 4997.801388431053 4994.0187194648115 5001.226761475492
1502731317484 4997.4177502020375 4993.77597124112 5000.908897849138
1502731320425 4997.557154114992 4993.956702564036 5000.9157554795775
1502731322029 4997.485647346313 4993.668395121967 5000.910873821384
1502731323733 4997.101309446487 4993.483241162436 5000.344128630164
1502731325133 4997.062984103235 4993.422524106215 5000.357581463254
1502731327703 4996.705413545056 4993.059793573763 4999.9223105552055
1502731330418 4996.717579708935 4993.0903189312385 4999.778827540147
1502731332084 4996.514737152563 4992.93001455318 4999.623831256107
1502731333650 4996.451103190209 4993.0235364228465 4999.67216312228
1502731335063 4996.628435997444 4993.266921238433 4999.800383204231
1502731336754 4996.838829337562 4993.552603376165 5000.002911035439
1502731338157 4996.200032647731 4992.949757027244 4999.48353296047
1502731339854 4996.582529727063 4993.373185098365 4999.884667046648
1502731342374 4996.843494544963 4993.66292882195 4999.951605485097
1502731343836 4996.762292515375 4993.704106396876 4999.873809528551
1502731346057 4996.683181209202 4993.546439702117 4999.906222114916
1502731347580 4996.8054701441 4993.6483711089795 4999.896529678327
1502731349385 4996.435371957514 4993.3245730127355 4999.589244667821
1502731350880 4996.81696834366 4993.7118088494635 4999.917922623453
1502731352250 4996.879710404999 4993.809450398348 4999.914944364774
1502731354669 4997.017069933103 4993.978514219518 4999.976175030444
1502731356038 4997.215541684254 4994.062653988829 5000.126147347319
1502731358873 4996.967767969635 4993.867154497683 4999.995619640226
1502731361569 4996.673084529856 4993.625120322485 4999.763031755379
1502731363262 4996.305256868119 4993.21510961194 4999.356141512224
1502731365318 4996.162105255677 4993.119025732389 4999.237535815597
1502731367303 4996.087864991994 4993.10726795435 4999.091448358016
1502731370361 4996.099262509121 4993.028878983183 4999.085825686718
1502731372358 4996.315203864073 4993.3570387463205 4999.272644148922
1502731374418 4996.329914936602 4993.36285472222 4999.275077692058
1502731376705 4996.3478261428 4993.342344098147 4999.291106211641
1502731378460 4996.343981239528 4993.482047205853 4999.156162611386
1502731380524 4996.483115705172 4993.775717517622 4999.209095914968
1502731382545 4996.487618961673 4993.713588097346 4999.207166902799
1502731384436 4996.551758295944 4993.814036073095 4999.2673952610885
1502731385844 4996.397107630044 4993.601702188613 4999.108756445521
1502731388773 4996.527857193166 4993.716259807007 4999.21865442708
1502731390895 4996.628899685254 4993.787075652633 4999.319230448905
1502731393433 4996.690750859344 4993.879689046685 4999.315364684248
1502731395602 4996.766953490027 4993.992994505742 4999.413555363421
1502731398019 4996.876716945342 4994.095314954992 4999.642117190715
1502731400567 4996.971999919252 4994.160748717588 4999.705714275862
1502731402691 4997.209797733805 4994.389566624499 4999.837869651413
1502731404886 4997.13179583592 4994.402354197098 4999.7560478792
1502731407362 4997.303325056886 4994.628278340969 4999.95409794557
1502731409571 4997.481449483592 4994.786308297018 5000.140654634786
1502731411959 4997.576881958491 4994.806561886533 5000.123701218773
1502731414901 4997.578261444319 4997.578261444319 4997.578261444319
