1498492631203 4964.392350006397 4937.247706636166 4991.7879439066
1498492633227 4977.390714285714 4958.233372794845 4996.98632517623
1498492636386 4990.3387991726195 4975.02685000626 5005.504637048741
1498492638502 4989.156969122051 4976.112426893249 5002.341944591858
1498492641281 4991.150707828757 4979.377442994874 5002.609338301668
1498492643810 4993.959642228927 4982.766531388705 5004.5469994231735
1498492645950 4992.203326931097 4981.843750815449 5001.970346767795
1498492648324 4993.245461118312 4984.563826587268 5002.998210545576
1498492651271 4993.284282194368 4985.823782697572 5001.724326419381
1498492653500 4993.989470945951 4986.417837155184 5001.7477455553
1498492656641 4996.224564426126 4988.446728349861 5004.888953868696
1498492659538 4996.959671846264 4989.781100964016 5004.89159126365
1498492663098 4997.083678458637 4990.196849864521 5004.162286992271
1498492665593 4997.994381518197 4991.105773587376 5005.059896545251
1498492668411 4997.642095071751 4990.842486926735 5004.825105302916
1498492671482 4997.936658734492 4991.495373814501 5004.473371992675
1498492674511 4997.177912803678 4991.054760294502 5003.353640607703
1498492678039 4997.115303765095 4991.073863582266 5002.6967146012375
1498492680649 4997.074349614385 4991.306793298027 5002.551026979355
1498492683792 4997.132843000335 4991.78834941122 5002.771085619826
1498492686520 4998.172859585408 4993.227394718008 5003.6648669376555
1498492689561 4998.555181503417 4993.7736573658285 5003.93930995286
1498492692273 4997.97633077809 4993.0736605553475 5003.25856354123
1498492695969 4997.8539438268945 4992.979611842175 5003.388415463012
1498492699923 4998.383051503698 4993.607680498427 5003.831314211664
1498492703143 4998.3512189609755 4993.756502988971 5003.487469164041
1498492706083 4998.688057975155 4993.923422036671 5003.8479006502575
1498492709634 4998.409743133252 4993.76704716932 5003.624514442651
1498492712731 4997.6236059136745 4993.168174569184 5002.794162366479
1498492715761 4997.398596180006 4993.047992173379 5002.294838834342
1498492718406 4998.040734561511 4993.702298751317 5002.767710639811
1498492721292 4998.703162885782 4994.475223810306 5003.340778148438
1498492724696 4999.03401926499 4994.981881132756 5003.555066566574
1498492727641 4998.829347450653 4994.786357662381 5003.198558779155
1498492730451 4999.107738890096 4995.165783301152 5003.24978631024
1498492734520 4998.870587129095 4994.971712332145 5002.726138387752
1498492737764 4999.231956463708 4995.146133846769 5003.090651954809
1498492740545 4998.736057521021 4994.818774859336 5002.523338210716
1498492745143 4998.849094494904 4994.912615666796 5002.727998163629
1498492748689 4998.595473703422 4994.630702151224 5002.240753644759
1498492752426 4998.794956680628 4994.9019970779955 5002.582221336349
1498492755876 4998.492153495629 4994.483425839085 5002.074286492963
1498492759220 4998.232231157211 4994.387829728804 5001.95323053047
1498492762393 4997.921233338912 4994.168920468851 5001.672902169276
1498492766585 4998.3770348043245 4994.589547895084 5002.098840913953
1498492769844 4998.9383875938975 4995.185568267106 5002.675056741244
1498492773100 4998.843312911297 4995.094503875481 5002.666427654917
1498492776323 4998.773228154734 4995.073570184888 5002.458419472577
1498492780584 4998.497274967912 4994.958577771442 5002.118529157421
1498492784109 4998.475205608956 4994.937853350756 5001.942396145998
1498492787488 4998.312595810295 4994.478344263864 5001.754732031757
1498492791296 4998.246896821101 4994.711120846327 5001.687611688662
1498492795951 4998.104148521845 4994.418730992304 5001.489471152351
1498492799665 4998.1322523732615 4994.521633117219 5001.511799670217
1498492803595 4998.140589308093 4994.531324701367 5001.472625925907
1498492808573 4998.291886303609 4994.703567676477 5001.568608696328
1498492813399 4997.928152658358 4994.350244528624 5001.242465048385
1498492817334 4997.801921167079 4994.189621509365 5001.033840655455
1498492821187 4997.850463256716 4994.366604610769 5001.156377171235
1498492824836 4997.6159149904215 4994.118464567954 5000.717532316601
1498492829009 4997.609210775434 4993.925660717986 5000.628212951647
1498492833616 4997.651700550316 4994.030175036035 5000.69567606575
1498492838689 4997.730655409782 4994.23921365048 5000.807513466002
1498492843566 4997.637263037419 4994.202030728415 5000.711438262171
1498492848940 4997.649893405467 4994.220157255777 5000.741591853129
1498492854765 4997.434586771071 4993.942333269061 5000.50562925027
1498492860203 4997.382315667024 4993.960107269981 5000.387279560348
1498492865260 4997.304998813466 4993.993749607387 5000.159205231338
1498492870585 4997.334723698726 4994.062609432803 5000.338122146467
1498492875287 4997.6368653633435 4994.605514764211 5000.602388358441
1498492879886 4997.413627024888 4994.301136762792 5000.426663932624
1498492884878 4997.523978967752 4994.384811951251 5000.441237981531
1498492889160 4997.886257005395 4994.676467950434 5000.734258354594
1498492893720 4997.896676232794 4994.637465602559 5000.651218010127
1498492898574 4997.81268147198 4994.718629082818 5000.575218222525
1498492903345 4997.825070435869 4994.727848856375 5000.745550435108
1498492908657 4997.640131802967 4994.56122468031 5000.558944610507
1498492914036 4997.4193499141165 4994.388902980917 5000.36172542866
1498492919560 4997.315902028654 4994.287547632484 5000.295699870305
1498492924404 4997.6087459989985 4994.508191349659 5000.635602891258
1498492929772 4997.5336708409495 4994.561674894554 5000.611569677276
1498492935221 4997.544315502798 4994.550737970258 5000.40607629621
1498492940311 4997.788693336835 4994.764655935724 5000.766426262196
1498492945700 4997.873932103214 4994.825384204275 5000.7440864224
1498492950434 4997.701276006364 4994.654916448259 5000.524761809416
1498492954648 4997.599925460187 4994.540361551507 5000.379806663639
1498492959623 4997.595990600585 4994.5100589544845 5000.390849115464
1498492963880 4997.516666542291 4994.500380492433 5000.305936171621
1498492968247 4997.74268085032 4994.6497547496065 5000.34453843599
1498492973463 4997.693785203043 4994.561640340004 5000.436021723913
1498492978239 4997.388781689501 4994.148431543149 5000.095706134259
1498492982346 4997.392030158807 4994.396803922523 4999.990659006748
1498492986255 4997.390387925943 4994.344883861376 5000.017516196476
1498492991892 4997.273221366311 4994.435899387085 4999.877417712197
1498492996408 4997.373922146815 4994.51208881551 4999.942967763967
1498493001023 4997.28082101968 4994.4389265087875 4999.997148070299
1498493005486 4997.272780653675 4994.422902432657 4999.968004799852
1498493010024 4997.284251059406 4994.495098853085 4999.879724073166
1498493014510 4997.478815962515 4994.763100001365 5000.000047485281
1498493018772 4997.578261444319 4997.578261444319 4997.578261444319
