1498511730844 4985.924679145525 4960.139731711342 5012.473255558001
1498511734172 4986.586443170436 4966.754033113989 5003.868633459945
1498511736766 4987.137116808844 4973.883484250332 5002.930044988449
1498511739985 4992.687525978663 4980.14500141436 5006.310950565323
1498511743036 4988.7108404457595 4976.847902402034 5000.908927324837
1498511745951 4990.345485955284 4979.998343303878 5002.96201965622
1498511749122 4989.743236167131 4980.140757029707 5001.347517859341
1498511752848 4990.037528382139 4980.922396072158 5000.572702402584
1498511756408 4992.586248668839 4983.71652174222 5002.692813763418
1498511759521 4992.18150806866 4983.648079794293 5001.731162278655
1498511762971 4993.585157448972 4985.756056915149 5002.440652111888
1498511766416 4993.32712329912 4985.598027029107 5001.7488439159315
1498511770194 4994.20049244784 4987.4860305701095 5001.60876546953
1498511774600 4994.740912219179 4988.2266438006045 5001.632235897986
1498511778642 4994.220089366717 4988.085475033721 5000.943922434631
1498511783033 4993.300790693172 4987.122642913448 4999.78483108476
1498511787955 4994.227270876219 4988.02731246739 5000.274137333268
1498511791358 4994.562138554853 4988.5781281563995 5000.254121930903
1498511795172 4993.8884138903595 4988.1200834717365 4999.349194173621
1498511798376 4995.328995763353 4990.059470407736 5000.900599321897
1498511802016 4996.06394655758 4990.649217641629 5001.615861416571
1498511805923 4995.9056916719455 4990.461167929675 5001.289071833803
1498511810081 4996.340561784193 4990.858643975356 5001.328279293762
1498511814929 4996.476498238245 4991.386208709942 5001.408228773657
1498511818778 4997.06318380464 4991.917919851999 5002.024970485193
1498511824199 4997.017658448944 4991.925154880793 5001.899085738709
1498511829416 4996.563835113449 4991.602196937827 5001.639101421578
1498511834909 4996.44441264979 4991.387449486014 5001.385481545
1498511840114 4996.016591027723 4991.109514107801 5000.933050007879
1498511845564 4995.286636686582 4990.326494341881 4999.967942178671
1498511849278 4995.575247283232 4991.164758798477 5000.30452763026
1498511852289 4995.980303070688 4991.567230636088 5000.665932184649
1498511856087 4995.947043302405 4991.247083628571 5000.625676980201
1498511861751 4995.49564818734 4991.112808037609 5000.074431122218
1498511867024 4995.518124015648 4991.143556079356 4999.90747192126
1498511872138 4995.596110386335 4991.281450975687 5000.170351912987
1498511877228 4995.594946166924 4991.465155504502 5000.112397859253
1498511882078 4995.653068091676 4991.643590066598 5000.23489042523
1498511886284 4995.7227879406655 4991.653907523346 5000.096100661285
1498511889355 4995.820084569752 4991.792385786574 5000.121963947091
1498511893236 4996.110219571272 4992.138329469915 5000.263874256196
1498511898139 4996.131606314401 4992.160174172335 5000.094461707419
1498511903473 4996.124837407701 4992.00922896894 5000.058957984166
1498511909741 4996.358247505665 4992.700274217723 5000.2003938669295
1498511915740 4996.438041809529 4992.772313134868 5000.401719903719
1498511921085 4996.580969965304 4992.796479357569 5000.312576478705
1498511926427 4996.236548095412 4992.337393653893 5000.00649131676
1498511932047 4996.2396392592855 4992.463180194728 5000.054848456859
1498511937919 4996.382689861711 4992.646091088206 5000.302388394889
1498511943186 4996.201830288681 4992.722704707345 5000.105319641861
1498511947055 4996.557403391951 4993.045594530663 5000.369094612731
1498511950434 4996.063487419856 4992.441983186611 4999.757496863563
1498511955033 4996.368426394489 4992.847870712233 5000.1729277002005
1498511960923 4996.259493483301 4992.739994418109 5000.147316327623
1498511966438 4996.18178197217 4992.664068321577 4999.749987039784
1498511972288 4996.343436070783 4992.772498677557 5000.125266328826
1498511976161 4996.2119771352345 4992.673542067524 4999.754905396082
1498511979085 4996.671912874749 4993.1839031095 5000.116581136413
1498511982962 4996.311028112472 4992.909351661481 4999.732411053861
1498511988205 4996.288590180433 4992.864509133443 4999.500941073468
1498511993089 4996.319995547817 4992.958492725038 4999.50989458003
1498511997928 4996.250487654058 4992.805441968805 4999.4487968095245
1498512002768 4996.076590655351 4992.776080473891 4999.3087256966655
1498512006857 4996.331231429409 4992.893750381591 4999.689338745141
1498512011236 4996.104403829937 4992.606239804966 4999.449079312882
1498512015776 4996.093895606444 4992.630351220948 4999.360716788908
1498512020819 4996.271718113788 4992.849131759541 4999.6025022346885
1498512025523 4996.221828723758 4992.857598803402 4999.552161698601
1498512030258 4996.233413882297 4993.024097958528 4999.482186538317
1498512035000 4996.338593362027 4993.144871868223 4999.484867579945
1498512039203 4996.372359171447 4993.091003614196 4999.465291770844
1498512043352 4996.415082748819 4993.139045714679 4999.6890536491765
1498512047282 4996.376221722366 4993.193301028467 4999.452663505483
1498512050764 4996.645075999475 4993.52435313084 4999.736263290863
1498512054622 4996.88824361377 4993.751859983868 4999.953066420961
1498512058490 4996.85135280648 4993.786767296014 4999.884683227216
1498512061983 4996.7940063127135 4993.605024814149 4999.779472696587
1498512065570 4996.903227354043 4993.6978310407785 4999.935142189484
1498512069432 4997.099197348204 4993.865595093937 5000.121478921206
1498512073869 4997.132970710494 4994.096784298924 5000.2074008656455
1498512077554 4997.13978409334 4994.111927457398 5000.051662522344
1498512080876 4997.089920642265 4994.055404803899 4999.981369646725
1498512084589 4997.131952043491 4994.146298622591 5000.0981501192655
1498512088407 4997.111729267037 4994.232688719052 5000.0255671225
1498512091951 4997.200957675412 4994.229569898825 5000.116469321117
1498512095627 4997.18910946042 4994.2595950794075 5000.031722655261
1498512098937 4997.289335206015 4994.448912752464 5000.05122973152
1498512102909 4997.252555166304 4994.236656906129 5000.010279968591
1498512107187 4997.333175691451 4994.381908856549 5000.062114028187
1498512110579 4997.226311280436 4994.2762735246715 4999.9783326000215
1498512114154 4997.361217595882 4994.60362536813 5000.070861412477
1498512117667 4997.282320506779 4994.582838955717 4999.968016056114
1498512121073 4997.568603859033 4994.817393392425 5000.26031483554
1498512124338 4997.627084402538 4994.854444341427 5000.319162481691
1498512127873 4997.697126038404 4994.83596975759 5000.344618903026
1498512131270 4997.696827085657 4994.868405160871 5000.39994129676
1498512134565 4997.592177970489 4994.713296395863 5000.14146532589
1498512137780 4997.769620285012 4994.98803488115 5000.235797815453
1498512140813 4997.651581471164 4994.910817354972 5000.104546127244
1498512144597 4997.578261444319 4997.578261444319 4997.578261444319
