1502463836195 4994.004666624049 4970.496588651869 5018.732454761798
1502463837628 4998.661835542862 4980.126654502885 5017.882690911387
1502463839550 4996.469687277896 4979.957500276916 5011.442597076016
1502463840707 4994.7717964844205 4981.049628331848 5007.09734134951
1502463841891 4996.824517939228 4984.747379115249 5008.724270629068
1502463843860 4998.57576629782 4986.991906202447 5009.901421214553
1502463845809 4998.912730008559 4988.28302811428 5008.688588192459
1502463848022 4996.393807679905 4987.8765968935695 5005.950376924831
1502463849717 4996.525573572435 4987.945752893911 5005.276611268939
1502463851416 4995.787312971435 4987.221136368806 5003.783429658537
1502463852728 4997.154851151252 4990.062184830555 5004.585258603597
1502463854791 4997.124523843366 4990.177212753519 5004.456335876208
1502463857090 4997.075635213771 4990.400956329611 5004.367733566526
1502463859120 4998.026191110739 4991.121274144918 5005.10531847411
1502463861495 4997.887407569559 4991.123553848339 5004.587573125333
1502463863558 4998.09016111622 4991.651973424304 5004.733231292517
1502463864864 4998.511432660121 4992.299037904369 5004.694918365487
1502463866342 4999.705203558272 4993.500408557006 5005.817449081451
1502463868069 5000.282346234684 4994.108139838549 5006.496261921589
1502463869766 4999.646329347101 4993.8821114816255 5005.5209152542375
1502463872011 4999.382680339104 4993.853194587769 5005.285319277899
1502463874388 4999.563677243037 4993.988581727879 5005.068818122303
1502463877030 4999.855894581203 4994.435730257187 5005.178094567038
1502463879215 5000.011673317674 4994.182812981698 5005.276488983679
1502463880374 4999.824848638364 4994.314824215045 5004.774314718126
1502463881316 4998.980671091185 4993.963166055541 5003.85770552816
1502463882902 4999.360621069356 4994.527589663746 5004.148573540029
1502463884588 4998.959159508114 4994.025071458991 5003.925399333113
1502463885728 4998.84539375011 4994.0897305808 5003.530128020461
1502463887017 4998.612912969471 4994.225901619129 5003.4060490173715
1502463888537 4998.625205648666 4994.152776215961 5003.164347054231
1502463890037 4998.424620696502 4994.3307797684965 5002.7221608766395
1502463891202 4998.530967264645 4994.615025317323 5002.733559057422
1502463893484 4998.340896007224 4994.31114442676 5002.549150625568
1502463895213 4998.187631356753 4994.266257907995 5002.5071575765905
1502463896784 4997.864699318658 4993.9642187149775 5001.92773955167
1502463898864 4997.914584560277 4994.11269544584 5001.977861416795
1502463900189 4997.153676618699 4993.328936331344 5001.0522822301955
1502463901427 4996.787452737145 4992.922146995464 5000.713641189105
1502463903008 4997.185878246705 4993.260482617534 5001.0762925324225
1502463905044 4996.945204353906 4992.96341144838 5000.59064684036
1502463907002 4997.223655328835 4993.380507333307 5000.797965414976
1502463908257 4996.802079232369 4992.909737911235 5000.508117918895
1502463910928 4997.300972468609 4993.596072206902 5001.065512134612
1502463913075 4997.006919761094 4993.363099120292 5000.732529977485
1502463915610 4996.885981309278 4993.305006589653 5000.690296723421
1502463917590 4997.288521094974 4993.719424293425 5000.9811185590515
1502463919542 4997.848564935895 4994.219949587948 5001.605800223515
1502463921859 4997.49871054119 4993.95322901056 5001.258298817687
1502463923741 4997.95707659828 4994.450407233985 5001.5450925574205
1502463925262 4997.339436512555 4993.685073039266 5001.037346761149
1502463926367 4997.6377895644055 4993.947560062545 5001.264873566779
1502463928627 4997.571031177414 4993.87059803463 5001.057703485948
1502463931091 4997.44604115437 4993.942649815857 5000.86692896225
1502463933445 4997.479644723692 4993.925508176742 5000.972020539362
1502463935856 4997.876264944323 4994.409588870532 5001.410127132318
1502463937658 4998.243948475635 4994.663153739641 5001.603247887216
1502463939474 4998.341699212145 4994.7565827579 5001.717842390407
1502463941558 4997.98921808338 4994.466115061917 5001.213039438383
1502463943420 4997.683716532142 4994.216873254377 5001.062820200643
1502463945771 4997.609397478683 4994.1497485784685 5000.92737090578
1502463947975 4997.7442337028515 4994.270296718591 5000.886707732621
1502463949772 4997.640356921427 4994.127266410478 5000.862024452787
1502463951093 4997.466320977701 4993.973537278449 5000.707223505806
1502463953476 4997.115166685473 4993.699642985576 5000.2782922745655
1502463955107 4997.343486716287 4993.925746977532 5000.595473691042
1502463956387 4997.198939022431 4993.868495086968 5000.462710974206
1502463957616 4997.369894870908 4994.003549527789 5000.586077735985
1502463959421 4997.335949541381 4994.043693026968 5000.507958016544
1502463961385 4997.270892321938 4994.074751371619 5000.405448334122
1502463963379 4997.049144538131 4993.820006456057 5000.182902462541
1502463965030 4997.099990435023 4994.00347713773 5000.203156798889
1502463966992 4997.084757014917 4993.859209521265 5000.061719567232
1502463968307 4997.033618355599 4993.852634817878 4999.846314504417
1502463970232 4996.862429732039 4993.751758360752 4999.757458818233
1502463972079 4997.041287382841 4994.050895943755 5000.00806524435
1502463973672 4996.853625869491 4993.9051305424 4999.862797606547
1502463975016 4996.892673608985 4993.998457477278 4999.861708231634
1502463976944 4997.071344269445 4994.11063923564 4999.87602753513
1502463978695 4996.824561342724 4993.823065613788 4999.618564753691
1502463980694 4996.757392297281 4993.787814084702 4999.567479929838
1502463982451 4996.798482693096 4993.775266261138 4999.650219153905
1502463984418 4997.049226857486 4993.9872849912035 4999.849803102198
1502463986414 4997.264900603418 4994.186432787731 4999.930115729174
1502463988245 4996.95916543902 4993.847856049467 4999.652600815929
1502463989641 4996.977600513694 4993.842462313895 4999.628467208179
1502463991546 4997.075476567187 4994.032730981918 4999.729462823699
1502463992778 4996.982067679229 4993.980582845123 4999.6435347770575
1502463994224 4997.000977422264 4994.031717475461 4999.686987331519
1502463995506 4997.297127687197 4994.281790349437 4999.898497175244
1502463996716 4997.3181147226405 4994.343988552672 5000.019671341494
1502463998188 4997.4022073867245 4994.439670344472 5000.078310480221
1502463999563 4997.402138254993 4994.43983219478 5000.078553157301
1502464000881 4997.619149938055 4994.706558453176 5000.327186622824
1502464002135 4997.447514699978 4994.573296775699 5000.106972864336
1502464003399 4997.278126261097 4994.472019297287 4999.90536984979
1502464004994 4997.127128188987 4994.396920745756 4999.604612707226
1502464006505 4997.422028723924 4994.6268821047315 5000.032580403316
1502464007769 4997.639093231346 4994.9935953928 5000.247327692342
1502464009025 4997.578261444319 4997.578261444319 4997.578261444319
