1498492817016 5002.382049313199 4977.771373953549 5027.870121626603
1498492820207 4995.705810221469 4975.2049397881065 5012.874575195512
1498492823593 4989.341852550082 4974.205795427404 5003.06508677201
1498492827290 4990.374474913107 4976.860486176559 5003.107180242256
1498492830831 4992.425214112669 4980.454732426764 5004.348016731945
1498492833936 4993.484015396261 4982.28062085627 5003.915443257058
1498492838079 4994.999259379943 4985.158344618222 5005.653457952825
1498492843010 4994.718309940246 4985.279398774984 5004.690213171846
1498492848772 4994.321493047833 4985.6868700497525 5002.70259972037
1498492853858 4992.432496631015 4984.202024863218 4999.972750075779
1498492859411 4991.484130859167 4983.483375773859 4999.36578005691
1498492864613 4990.367601950804 4983.151014276854 4997.87663045673
1498492869145 4991.492230060481 4984.144349480751 4998.705113979244
1498492874484 4991.832958028865 4984.887676240036 4998.805231220392
1498492878384 4993.135631044363 4986.410839237971 4999.8338954061965
1498492881942 4993.49210672808 4986.891156416329 5000.0954031883675
1498492886505 4994.021263753953 4987.716858060384 5000.592543201607
1498492890036 4995.606365185199 4989.712565133216 5002.426714796214
1498492893656 4996.388763621897 4990.606130039337 5002.205722687025
1498492898119 4996.53748550255 4990.943572164628 5002.553674712458
1498492901681 4996.2946628063655 4990.844455525419 5001.791714872454
1498492904466 4996.307668331702 4991.1056401810365 5001.782491573861
1498492908390 4995.491774079461 4990.29688321529 5001.06848268057
1498492913645 4995.543272645874 4990.112310768075 5001.035783191098
1498492918771 4995.02516854929 4989.723606308738 5000.699906597953
1498492924011 4994.33019697587 4989.449048241245 4999.862818646361
1498492929235 4994.182618317413 4989.373288597414 4999.789077925397
1498492932546 4994.352656938913 4989.500751618993 4999.730139250631
1498492935425 4994.184801491056 4989.500708186378 4999.031845373601
1498492939358 4994.6188292238 4989.897286416201 4999.52322292428
1498492942988 4994.394864642094 4989.741522187796 4999.378398181631
1498492946116 4994.103283670302 4989.624499761885 4999.321608194469
1498492950028 4994.685483981012 4990.335484717217 4999.576471937836
1498492954164 4994.6489934611645 4990.454230946863 4999.568955997381
1498492958205 4995.166201396939 4991.05717415196 4999.686282061797
1498492963048 4995.5178500039765 4991.461561849665 5000.160637213154
1498492966241 4995.909974420953 4991.961686231811 5000.3316232547195
1498492969020 4996.263738056124 4992.20756740948 5000.61465532329
1498492972787 4995.964325264517 4991.97747764049 5000.275023807347
1498492977684 4996.45840196069 4992.503647721384 5000.700421089031
1498492982004 4996.690270075498 4992.829035535549 5000.959865577406
1498492986612 4996.9127620706995 4992.879572273537 5001.047073069719
1498492991480 4997.074709077961 4993.134544971161 5001.219188875035
1498492995780 4996.992941333993 4992.994722408027 5001.049312705772
1498493000547 4997.0100497969825 4992.98448472841 5000.945238296762
1498493004868 4996.75661232054 4992.769677169575 5000.89247249743
1498493008790 4996.8108832400985 4992.94074691145 5000.700189388564
1498493012151 4996.858128491805 4992.827007990785 5000.6867052898915
1498493015349 4997.036460262278 4993.128731255884 5000.928838643768
1498493019252 4996.719534660787 4992.96026831675 5000.609792169378
1498493022842 4996.590137247418 4992.9499436245205 5000.202858270076
1498493026228 4996.678965043016 4993.166661217673 5000.235828214368
1498493028929 4997.2286469682695 4993.603870533412 5000.761740511952
1498493032259 4997.162804323686 4993.632403758501 5000.759553720246
1498493035738 4997.10300391574 4993.620544158677 5000.469617554849
1498493038910 4996.838821500076 4993.311946712197 5000.196408839319
1498493042021 4997.388330200394 4994.062231937074 5000.654232211278
1498493044866 4997.59452503789 4994.244335585337 5000.804598184955
1498493048582 4997.747314816533 4994.408034334235 5001.044278419018
1498493052178 4997.575718226384 4994.256242035916 5000.886387116037
1498493056794 4997.226231093055 4994.035125836121 5000.506627194577
1498493060556 4997.652612718725 4994.542199279579 5000.900982128195
1498493063549 4998.029786349389 4994.880906145485 5001.159398591556
1498493066403 4998.019818151308 4995.035439357253 5001.0302385795585
1498493069294 4997.682961818513 4994.602143388612 5000.830445881819
1498493072240 4997.851853249632 4994.794519831684 5001.057475383895
1498493075789 4997.745664020114 4994.652520755289 5000.854007921214
1498493080098 4997.730541113057 4994.6543071799215 5000.7748056942555
1498493084420 4997.6398544567555 4994.58851150177 5000.667621979777
1498493087624 4997.479960119811 4994.469587076671 5000.63498539035
1498493091258 4997.32393942463 4994.282952038498 5000.411479699572
1498493095013 4997.073302251639 4994.0213780753475 5000.01265580456
1498493098126 4997.238158158457 4994.2596778516145 5000.08275771808
1498493101629 4997.028668188211 4994.163108682431 4999.98668269805
1498493105281 4997.0146282136075 4994.150999562904 4999.967787663904
1498493108472 4997.306957105038 4994.531564366838 5000.317692118426
1498493111323 4997.623310950558 4994.776903465108 5000.584290465043
1498493114543 4997.37350754002 4994.580687468961 5000.225209480364
1498493117782 4997.347597883814 4994.463372370267 5000.162056690877
1498493120973 4997.557084184796 4994.729977672401 5000.315203551232
1498493123996 4997.344795125075 4994.496719709371 5000.182340059376
1498493126850 4997.212755024259 4994.498919598165 5000.0401192053105
1498493129940 4997.092684087577 4994.293785444561 4999.8305902574775
1498493132878 4996.981355536484 4994.214722360036 4999.616979737439
1498493136007 4997.02575249959 4994.391307903531 4999.6417088413455
1498493138713 4997.329871061928 4994.502184318675 4999.9184993192275
1498493141601 4997.249177621759 4994.459064763276 4999.890860249041
1498493144517 4997.489238173376 4994.775883977633 5000.21415715751
1498493147897 4997.407951390354 4994.714912503205 4999.9977144559125
1498493150515 4997.525691688649 4994.715874905327 5000.262881533186
1498493153015 4997.549613014648 4994.812933151958 5000.162388281423
1498493155941 4997.759187942979 4995.095089622051 5000.4117318571225
1498493159020 4997.884362953298 4995.235269718077 5000.479887419185
1498493161676 4997.832050689417 4995.164902813647 5000.3214982633735
1498493164316 4997.780414552094 4995.166459155675 5000.337022171218
1498493167838 4997.85575798565 4995.149334512596 5000.353986304195
1498493171415 4997.854002543247 4995.148283763047 5000.277236456054
1498493173652 4997.627598619116 4994.865853787909 5000.100902214063
1498493176186 4997.631428989332 4994.915052115826 5000.043420192224
1498493179120 4997.578261444319 4997.578261444319 4997.578261444319
