1502463747988 4982.060097640011 4955.905337997969 5007.082604556424
1502463749309 4989.916083021523 4973.236243805242 5008.142984769388
1502463750883 4995.967724743653 4982.039082563794 5010.924730883703
1502463753075 4999.704614368009 4987.112598685711 5013.098948194425
1502463754394 4997.710553355134 4986.722729475877 5008.590844940271
1502463755999 4997.780379742338 4987.775504928216 5007.535601265823
1502463756965 4996.235225864217 4987.296206098165 5005.180122026704
1502463758630 4994.775109583384 4986.29200740975 5003.745753605587
1502463760700 4994.524251238855 4986.431875266244 5002.679610861137
1502463762208 4994.5695783980145 4986.099552530958 5002.721773305622
1502463763415 4997.865265381671 4989.782259420228 5005.562631267831
1502463764628 4997.3678812717735 4989.995698109118 5004.539209808559
1502463765519 4997.664921878075 4990.994400756477 5004.45293892981
1502463766961 4997.940447655277 4990.760479945546 5005.0208279085455
1502463768873 4998.382127664413 4991.214238764993 5004.992452877541
1502463769915 4998.673532829131 4991.731148733068 5005.122705355544
1502463771729 4998.797601267085 4992.047982027108 5005.114505707823
1502463773886 4999.303373421485 4993.046125803639 5005.520010228217
1502463775475 4999.319317179578 4993.036166606796 5005.825706205713
1502463776855 4999.7289293533995 4993.2424939709135 5005.514645855911
1502463778313 4999.68081712959 4993.421636275818 5005.539119733771
1502463779527 4998.293746093428 4992.248898332795 5003.839064679813
1502463781451 4999.194483042465 4993.39874838753 5005.118264805325
1502463783683 4998.911361740572 4993.152106106734 5004.381888258338
1502463785407 4999.544664459035 4993.96075720553 5004.567548832422
1502463787131 4999.556504219377 4994.093307165838 5004.585472983141
1502463788666 4999.378316487681 4994.172835960409 5004.088430186936
1502463790399 4998.516754739968 4993.2574135831455 5003.206249878835
1502463792104 4998.2014108063795 4992.918148392227 5002.568963806917
1502463793267 4998.395451573471 4993.16187210194 5002.8000221636285
1502463794727 4998.299925996842 4993.285761302564 5002.672610671271
1502463796414 4997.95140472234 4992.85538471911 5002.190699531833
1502463797613 4998.972996965349 4994.3228111448225 5003.100785055062
1502463798883 4998.393868532395 4993.772634671428 5002.385986469454
1502463800175 4998.941165505596 4994.546237713185 5002.9517913533555
1502463801539 4998.771948215005 4994.344575760305 5002.675810810266
1502463803002 4998.951967501224 4994.456475864849 5002.797138017578
1502463804432 4999.250497794221 4994.635213704564 5003.328644761159
1502463806227 4998.834501390736 4994.518040275406 5002.91437710499
1502463808630 4998.383606592329 4994.214800447019 5002.511615629375
1502463811394 4998.45024763339 4994.022021382671 5002.67962834408
1502463813715 4998.990890419025 4994.943248092006 5003.054667293175
1502463815895 4999.27073934194 4995.237773235393 5003.020125151476
1502463818015 4999.232147313465 4995.3594849439905 5003.022976749588
1502463819582 4999.05378599505 4995.215802304513 5002.640373616689
1502463820900 4998.858326195296 4994.95297210144 5002.639484932782
1502463822435 4999.139317403697 4995.282998598454 5002.63484371237
1502463823788 4999.566448585925 4995.701795501385 5003.1489372853885
1502463825529 4999.727404142181 4995.757021292744 5003.306944636628
1502463827204 4999.555097452553 4995.753496704648 5003.070686978518
1502463828519 4999.244233849406 4995.40392336076 5002.809771150223
1502463830839 4998.776641495322 4994.898327868121 5002.142345511118
1502463832447 4998.63274217726 4994.856103325944 5002.073083663682
1502463834126 4998.453752687994 4994.613843682895 5002.03719639707
1502463836068 4998.459919990789 4994.633638302198 5001.92440954002
1502463838189 4999.025719051715 4995.218507268413 5002.448867431931
1502463840497 4999.082159948437 4995.357149399985 5002.424812889751
1502463842484 4999.205370574335 4995.6455385632835 5002.486993525682
1502463844726 4999.1198146323095 4995.735421241623 5002.388072368432
1502463846711 4999.251485536255 4995.875103799808 5002.51460946853
1502463848717 4999.013893845678 4995.6702813936145 5002.277926117744
1502463850513 4998.944266374663 4995.753693049241 5002.019644310208
1502463852785 4998.8244690122465 4995.316399814451 5001.946253224503
1502463855004 4998.661483299817 4995.157520227756 5001.722291661459
1502463857208 4998.656959848209 4995.258816097016 5001.6813733236195
1502463859277 4998.729133814513 4995.3353539075315 5001.725087444513
1502463861606 4998.71299134903 4995.389264289696 5001.72555834704
1502463863359 4998.7369977024655 4995.452460301902 5001.733361522464
1502463865530 4998.401920459729 4995.067031845229 5001.3063735845935
1502463867343 4998.416629478802 4995.18892771378 5001.276493203598
1502463869780 4998.268633112279 4995.068985586149 5001.264525170998
1502463872027 4998.064277280396 4994.897225104377 5001.057375761566
1502463874436 4998.109301233986 4994.99791508946 5001.006560453233
1502463877507 4998.175622127942 4995.063599355994 5001.1386107141
1502463879739 4998.105510874395 4995.164561022868 5001.073347298353
1502463881531 4998.029359588608 4995.006382252689 5001.049977571497
1502463883543 4998.210393280051 4995.26524944608 5001.139017002437
1502463885698 4998.043133975595 4995.186887326949 5000.984203961827
1502463887536 4998.193989695649 4995.328311629417 5001.138613821284
1502463889091 4998.0944413157 4995.352737173764 5001.003840672304
1502463891322 4998.00558901571 4995.132342493197 5000.69190316647
1502463894523 4998.2663913155175 4995.3457006595345 5000.916630575516
1502463896810 4998.211457431532 4995.263144613273 5000.963635510905
1502463899020 4998.188255140968 4995.303930801426 5000.908310630443
1502463901559 4997.916780363262 4995.116273876513 5000.664374014999
1502463903898 4998.066117915407 4995.221288484713 5000.982485195468
1502463905945 4997.891547960961 4994.940640966221 5000.766395308927
1502463908605 4998.264503518923 4995.327138215366 5001.238903614765
1502463911731 4998.347020913724 4995.448244377344 5001.209964557674
1502463913734 4998.536846195032 4995.633745777021 5001.4154733609885
1502463916311 4998.520688045751 4995.649185371071 5001.268416333718
1502463918774 4998.260522225935 4995.409501177306 5000.925408940828
1502463920580 4998.0682157540505 4995.278036759445 5000.706752022622
1502463922785 4997.817629916334 4995.003718207404 5000.423450714637
1502463924608 4997.653183688548 4994.916249232789 5000.195134913535
1502463927175 4997.545483499131 4994.778964256253 5000.081662186367
1502463929492 4997.651507394923 4994.8687737567125 5000.270964117235
1502463931974 4997.632546728932 4994.892072152778 5000.136284186639
1502463934131 4997.7307568967235 4994.997949335139 5000.135570832087
1502463937020 4997.578261444319 4997.578261444319 4997.578261444319
