1502463621523 4995.7715388552415 4970.495739118287 5022.557469318663
1502463622539 4995.913821415624 4976.548128868572 5015.902526353245
1502463623433 5001.396104496179 4985.94062398025 5017.294682595456
1502463624455 5006.614196905556 4993.307723146373 5019.565232198488
1502463625306 5002.499946680771 4990.126957590968 5014.474297063961
1502463626273 5005.930724743804 4994.3656234088185 5017.129814484973
1502463627193 5001.785396558448 4991.23421883054 5012.225716495284
1502463628507 5001.655390004558 4991.160926244734 5011.096354500748
1502463629371 5000.100975369318 4990.093311918735 5009.046188835669
1502463630370 4999.503119101699 4990.446164562081 5007.960688481423
1502463631491 5001.125139599814 4992.465231652725 5009.933488162656
1502463632506 5001.407920577399 4993.701319587403 5009.485156701489
1502463633628 4999.665721120087 4991.722820914462 5006.765747219184
1502463634572 4998.554674872607 4991.193325668708 5005.706079926159
1502463635489 4999.470764702955 4992.496969670876 5006.335820657343
1502463636541 4998.810160477701 4991.499506667043 5005.274034782748
1502463637541 4998.910239282466 4991.799298584298 5005.352822373851
1502463638480 4999.301257019643 4992.318916908481 5005.391383011455
1502463639656 4999.331720818724 4992.975290907335 5005.334309702258
1502463640700 5000.005429294949 4993.618285144108 5006.171854049553
1502463641646 5000.01128270013 4993.715977625339 5006.056274184088
1502463642876 4999.9918666483145 4993.74982026273 5006.0772919943165
1502463644400 5000.518836341926 4994.325848236382 5006.544043799727
1502463645367 5001.214011246027 4995.066153550585 5006.868488364236
1502463646363 5000.805270735214 4994.958332377343 5006.4530493769425
1502463647570 5000.043616466397 4994.747900962413 5005.16379016948
1502463648904 4999.895862487246 4994.815672737285 5005.0112926362
1502463649905 5000.249184057947 4995.0586621139355 5005.452926997169
1502463651015 5000.3648454209315 4995.100603139865 5005.501199879526
1502463652595 4999.46249482061 4994.2498124834165 5004.321259679677
1502463654039 4999.398545067887 4994.157944838792 5004.23732178204
1502463655567 4999.342862473348 4994.231070411098 5004.06409117239
1502463657133 4999.15944678011 4994.206535004958 5003.8438940012975
1502463658688 4999.266780589976 4994.621864933349 5003.918581681122
1502463659713 4999.1216160648855 4994.726678322758 5003.633362298187
1502463661228 4998.300112175083 4993.783107608932 5002.690871742732
1502463662483 4998.082062373005 4993.678200373755 5002.428120205563
1502463664337 4998.216112503268 4993.94528241284 5002.5064751096625
1502463665567 4998.31092576181 4994.076011346744 5002.441559295293
1502463666957 4997.840942225018 4993.732778037603 5001.794035811218
1502463668476 4997.876112785107 4993.826370837993 5001.707294286113
1502463669870 4997.746195400822 4993.87573367562 5001.523237489128
1502463671427 4998.072806844429 4994.2526132822295 5002.000744136438
1502463673031 4998.684682270423 4994.868971511649 5002.486699069325
1502463674732 4998.4742484583 4994.477283275191 5002.0638728618715
1502463676440 4998.585494497548 4994.740349565778 5002.183554058054
1502463677811 4998.957627887564 4994.989122007284 5002.4921107146565
1502463679220 4999.011442453684 4995.056424323348 5002.43309458911
1502463680658 4998.6457836547 4994.871498093096 5002.202044627945
1502463681940 4998.420192363046 4994.646767736666 5001.8882619007045
1502463683718 4997.761412816268 4994.143399815953 5001.204196598521
1502463685404 4997.5108194258455 4993.95818511511 5000.852656191575
1502463687070 4997.444375339685 4993.8253204286075 5000.8979206558515
1502463688538 4997.106779686447 4993.486453163564 5000.542593165019
1502463690006 4997.10859073172 4993.401138421809 5000.624288087216
1502463691666 4997.0911844995835 4993.38261507559 5000.554478319894
1502463693383 4997.0009381452555 4993.288845011837 5000.517371143311
1502463694839 4997.125199430053 4993.575667507739 5000.562167608343
1502463697037 4997.072264042527 4993.521202736327 5000.503342854216
1502463698915 4996.91287390837 4993.371646082183 5000.2841184785675
1502463700742 4996.62241985755 4993.194597484225 4999.961767777755
1502463702611 4996.628564570298 4993.199330907138 4999.970690979461
1502463704653 4996.996890796459 4993.675952947402 5000.512560042498
1502463706517 4996.686489670288 4993.3481788732815 5000.115066492513
1502463708659 4996.893230886208 4993.461484578381 5000.272991245889
1502463710737 4996.76037816307 4993.49076880448 5000.1026474147
1502463712697 4996.811485313993 4993.598970896213 5000.162091092729
1502463714495 4996.771536710243 4993.349286719633 5000.0549655264595
1502463716293 4996.602663820512 4993.106854958631 4999.835004577267
1502463718356 4996.554538144293 4993.261483688769 4999.786485115244
1502463720196 4996.593783483805 4993.389512994711 4999.788689602752
1502463722264 4996.92797383128 4993.584376059538 5000.0607880576945
1502463724008 4996.999674330749 4993.662879108869 5000.045271097557
1502463725899 4996.915969967603 4993.622737785175 4999.958663462657
1502463728103 4996.968035633974 4993.902810275323 4999.942256163489
1502463729985 4997.245036194894 4994.00270737195 5000.128014353732
1502463731840 4997.109813170159 4994.018491042949 5000.030503595793
1502463733731 4997.1761203601245 4994.024894492103 5000.13947712278
1502463736263 4997.5068187547195 4994.367880728064 5000.330248550081
1502463738344 4997.42832341488 4994.260395131491 5000.286181148595
1502463740523 4997.540712014079 4994.331588946189 5000.361337071839
1502463742572 4997.905808466624 4994.686435325745 5000.774264570867
1502463744759 4997.556586618304 4994.471303607743 5000.413839882179
1502463746654 4997.735083318379 4994.571872506142 5000.408254732252
1502463749263 4997.859774523317 4994.764965458585 5000.521933748587
1502463751684 4997.93009307156 4994.8506749159105 5000.55055873614
1502463754056 4997.889959654128 4994.878557610209 5000.521355135712
1502463756763 4997.71589250821 4994.882800162715 5000.408141525395
1502463758851 4997.622775565411 4994.6689505937165 5000.339434081869
1502463760945 4997.947941099617 4994.997581891194 5000.639901453438
1502463763021 4997.972884116688 4994.995000793162 5000.7015096426385
1502463765422 4998.032944924853 4994.9274922955465 5000.647745067081
1502463767322 4997.975860819885 4994.945890863647 5000.544314639206
1502463769550 4997.992085229293 4995.086314749671 5000.714386365507
1502463771991 4997.990902718972 4995.0618560944695 5000.714171339431
1502463774324 4997.985261988488 4995.199901374156 5000.628030557053
1502463776583 4997.917690547037 4995.10243593037 5000.551588692504
1502463779075 4997.76513242387 4995.018672634676 5000.309313909405
1502463781682 4997.715721689727 4994.94162086266 5000.2500711526645
1502463783789 4997.578261444319 4997.578261444319 4997.578261444319
