1497898119495 5001.990049433222 4976.518859800207 5028.066814385546
1497898130053 4995.912745599455 4977.98183475217 5014.063573847247
1497898141096 5003.87988768116 4989.226125638744 5018.266489256445
1497898152420 5002.54927573306 4989.4591664025165 5014.931163658286
1497898163246 5003.826093815285 4992.181237150459 5015.253082779678
1497898174967 5006.945638068295 4996.646779018623 5017.11635889738
1497898186705 5005.4740965143465 4995.955212340743 5014.896586900167
1497898198705 5005.7527355614675 4996.415893435686 5014.467880130715
1497898210580 5003.747602679924 4995.374606149457 5011.9585394958685
1497898221585 5002.171431312765 4993.683264942055 5010.135433214489
1497898232497 5003.675953908919 4996.133153457448 5011.3801883761635
1497898242800 5003.393950079608 4995.960374226407 5010.58961990847
1497898253941 5002.192590049922 4995.02327629683 5009.066771578239
1497898265188 5001.789893472428 4995.04481365977 5008.256838645192
1497898276145 4999.446217341998 4992.912904007684 5005.81141739608
1497898287469 4998.242845763914 4992.100016025184 5004.725943007117
1497898299185 4998.1483855974975 4992.0794590100395 5004.439706683395
1497898309734 4997.519514402581 4991.684982821364 5003.395934297915
1497898321328 4997.5669196818835 4991.751223251422 5003.335752477054
1497898332733 4997.492303280288 4991.750338289585 5003.059135921152
1497898344635 4997.565013979346 4992.039107478205 5003.205727882978
1497898356614 4998.206702375198 4992.884057461508 5003.708188646615
1497898367725 4998.1496699405725 4992.698157164594 5003.495486770465
1497898379519 4998.09565987222 4992.770823387772 5003.456629063714
1497898391460 4998.443237632739 4993.4303484520415 5003.742381746032
1497898402895 4998.6853406698 4993.727175766072 5003.883973719793
1497898414210 4998.676691432741 4993.640600701865 5003.587104351549
1497898425795 4998.263110660981 4993.137828877653 5003.3079300281515
1497898437097 4999.1577768277775 4994.141783176223 5003.982403766448
1497898448211 4999.453062968481 4994.782572175225 5004.380699855637
1497898459995 4999.061892797641 4994.626032782686 5004.020605166178
1497898471209 4998.9377998826485 4994.308742981314 5003.6152137399495
1497898482905 4998.6327102933255 4994.179071194082 5003.121374636234
1497898494092 4998.731125739423 4994.324713145364 5003.1866691356345
1497898506223 4998.2684157761 4993.949457209362 5002.738705102243
1497898517480 4998.228231840056 4993.97548885519 5002.645466876061
1497898529570 4998.593606913584 4994.514205637317 5002.765699340361
1497898540240 4998.35686501349 4994.352248911114 5002.428920527545
1497898552385 4998.394279277877 4994.340735670864 5002.484875298418
1497898563369 4998.475608076444 4994.39592402974 5002.704429371717
1497898574084 4997.693468162727 4993.582264399044 5001.923710306842
1497898586072 4997.684955166932 4993.518485364521 5001.719510729462
1497898597976 4998.46046952717 4994.377633187301 5002.5571440538015
1497898609101 4997.764681025076 4993.594572845304 5001.762966759761
1497898620305 4997.8156987273 4993.69109106335 5001.776563620703
1497898631183 4998.073718563737 4993.882536580686 5002.0221254271955
1497898643485 4997.969997049212 4993.895256621119 5001.88986290067
1497898654821 4998.290762772213 4994.136667996469 5002.203874411175
1497898665265 4997.91106554109 4993.908767588435 5001.687376427168
1497898677560 4997.565125951877 4993.524180013662 5001.336465166646
1497898689297 4997.641715879566 4993.620924818823 5001.407621055167
1497898705749 4997.766122207835 4993.897983739541 5001.428917046559
1497898723065 4997.947421060913 4994.074405252343 5001.521801406927
1497898741704 4997.824529792729 4993.992914282134 5001.44957417565
1497898759127 4997.541699784577 4993.688270700559 5001.038143110462
1497898774196 4997.445506426366 4993.6906511257375 5000.882769835959
1497898791894 4997.413259203699 4993.695310410457 5000.802318232997
1497898810103 4997.276090785859 4993.537164203057 5000.694966222215
1497898842408 4997.16896759932 4993.504424216921 5000.618580257962
1497898877847 4996.911228352585 4993.268496097211 5000.201913513011
1497898906598 4996.755762780778 4993.068376970819 5000.022353219807
1497898947490 4996.746547698139 4993.005511282836 5000.066964067251
1497899010857 4996.555942181757 4992.78999463413 4999.859080290707
1497899058999 4996.905376455046 4993.249060276969 5000.176174714806
1497899111266 4997.035059579345 4993.441339489829 5000.312853032774
1497899150658 4997.012868531647 4993.439317353853 5000.371443962618
1497899187994 4997.070834045816 4993.479999251584 5000.319947980562
1497899204560 4996.943838446036 4993.437919409437 5000.201243758669
1497899228545 4996.654177176326 4993.147539423558 4999.939128373052
1497899259814 4996.609476558061 4993.090899682557 4999.773638977452
1497899276404 4996.62108715133 4993.21893206375 4999.810131437877
1497899311052 4996.7424372997975 4993.307012053544 4999.912894341203
1497899338035 4996.89684197644 4993.55684848824 5000.012100675138
1497899375275 4996.508768948645 4993.0550723253 4999.602988920037
1497899408272 4996.674690703527 4993.331877839168 4999.76735965489
1497899446093 4996.310573708172 4993.023477938135 4999.309563111412
1497899476663 4996.396374015326 4993.180017116137 4999.410411151888
1497899511572 4996.445088827414 4993.196444976909 4999.488840353881
1497899550327 4996.488955860326 4993.264462405137 4999.495957989824
1497899583588 4996.690722741909 4993.4757306479 4999.680733562528
1497899614646 4997.101900284274 4993.906972271357 5000.001894646838
1497899655948 4997.102733795586 4993.948557966554 4999.987280871737
1497899699033 4996.9263673753085 4993.717798303241 4999.831341440158
1497899746041 4996.933566016837 4993.732677431391 4999.781792611483
1497899788890 4996.871770626076 4993.662039224177 4999.828418070276
1497899842235 4996.916202864684 4993.814702151953 4999.805795832028
1497899877783 4997.040978950843 4993.953748743538 4999.851400224082
1497899918172 4997.247066413883 4994.1565876130735 5000.034155901731
1497899956471 4997.163751936775 4994.086776845621 4999.986583091043
1497899998031 4996.92333694445 4993.862688092996 4999.716241951891
1497900083042 4996.987655010637 4993.982235768436 4999.745353144689
1497900117479 4996.967043257484 4993.989107203847 4999.7434190304675
1497900165740 4996.897254791758 4993.951990799119 4999.735522184018
1497900211600 4997.057104661105 4994.101340354761 4999.772437968723
1497900248268 4997.270106814604 4994.301299214 4999.9582000362625
1497900278884 4997.497010289364 4994.580965749224 5000.225756048354
1497900311454 4997.577621746024 4994.629162807971 5000.340454177776
1497900346066 4997.542295206121 4994.640085809577 5000.243145081423
1497900371238 4997.561531190906 4994.705681518573 5000.121068852414
1497900402971 4997.578261444319 4997.578261444319 4997.578261444319
