1502464417438 4987.737648990384 4962.45149896623 5012.365074798619
1502464418831 4987.570003516961 4969.471031311583 5005.035324148386
1502464420593 4983.252550295521 4968.365424625173 4998.858048480993
1502464422511 4986.236933092532 4974.07069487034 4998.8987839381125
1502464424473 4988.366538059813 4976.464333859552 4999.810188570725
1502464426271 4991.517501571998 4980.836524756349 5002.677809516162
1502464428067 4991.746029329371 4982.332063275174 5002.034462410362
1502464429795 4993.256641105847 4984.1040723482865 5002.481374892537
1502464431513 4993.105863014737 4984.754938631974 5001.647459427271
1502464433452 4990.879730375019 4983.1198113142955 4998.621367521368
1502464435074 4991.972009418696 4983.85319222395 4999.448491285191
1502464436287 4992.765385776973 4984.753168630604 4999.861074778009
1502464437623 4993.744361444795 4986.255234041293 5000.971614654439
1502464439861 4994.259581518089 4987.115083499277 5001.5548971533035
1502464441723 4992.828501258533 4986.197776311359 4999.548044284186
1502464443488 4992.387970365633 4986.249442300468 4998.811051658
1502464445150 4991.807219350931 4985.660257968761 4998.025688128276
1502464446854 4991.625009919871 4985.515145728207 4998.019624210157
1502464449257 4993.021752425197 4987.03485073789 4999.182489125053
1502464451410 4992.840687361419 4987.181353526089 4998.702367953569
1502464453488 4992.521088282054 4986.846445352883 4998.2038879095035
1502464455432 4993.200872740382 4987.578076399496 4998.878819257605
1502464457148 4993.833555797794 4988.436195796951 4999.50395998254
1502464458627 4994.489370642167 4989.152847191982 4999.9684885185525
1502464460522 4995.253108250434 4989.832447892379 5000.808414172663
1502464462316 4993.858302665932 4988.513150879223 4999.308609287497
1502464464287 4993.5276594199 4988.18982634084 4998.940281003036
1502464466220 4994.500512837694 4989.20206156354 4999.541294329263
1502464467930 4994.772788727549 4989.4265405634405 4999.9641552642715
1502464469623 4995.57859722162 4990.232864444624 5000.368468614113
1502464471282 4996.074021905466 4990.910917907759 5000.5400399320715
1502464473119 4996.016136769767 4991.103545374522 5000.6566986461185
1502464474704 4995.527752239491 4990.7098963987855 4999.996985806986
1502464476217 4995.628580834907 4990.7836970602175 4999.838919885695
1502464477980 4995.750433270285 4990.911679376735 5000.1100715071025
1502464479835 4996.058967200435 4991.381617370959 5000.118178465091
1502464481880 4995.859123642162 4991.317452151664 4999.72148569
1502464483749 4995.931549414154 4991.523684203346 4999.707435403061
1502464485940 4995.8333914656005 4991.437573756077 4999.775547943854
1502464487845 4995.921667384481 4991.519494921256 4999.7562548096375
1502464489938 4996.084368632843 4991.760370749492 4999.828112288719
1502464491754 4996.353038674594 4992.003727264089 4999.898017158537
1502464493476 4996.196165485002 4991.893901737295 4999.748656717631
1502464495344 4995.982000731698 4991.713098023143 4999.717117220486
1502464497415 4995.969433278562 4991.8737133117065 4999.752676873764
1502464499205 4996.416588065436 4992.214660638356 5000.317023527156
1502464501672 4996.638871764304 4992.617476854661 5000.6575420968975
1502464504213 4996.726028608118 4992.762856093675 5000.529100447561
1502464505922 4997.358734898082 4993.25944350537 5000.938870510176
1502464508180 4997.455444028878 4993.3007411918725 5001.008705808757
1502464510014 4997.649889672345 4993.790760477295 5001.19870574311
1502464512056 4997.646320481932 4993.8149904309075 5001.100077712123
1502464514098 4997.918266716443 4994.0566792602085 5001.340091635897
1502464516587 4997.600635150273 4993.827373851199 5001.003856665211
1502464518956 4997.919532097725 4994.206191477887 5001.397351473793
1502464521288 4998.00281976286 4994.455804597238 5001.370768884501
1502464522997 4998.025619157061 4994.361952363088 5001.344505022112
1502464524813 4997.889721500672 4994.31345794605 5001.098049435054
1502464526683 4997.274720521092 4993.801534132296 5000.596241677477
1502464528512 4997.3259067178915 4993.844611197828 5000.585608685902
1502464530386 4997.271930069852 4994.006989824925 5000.517661806151
1502464532122 4997.4417172280955 4994.212334134977 5000.643333410952
1502464534666 4997.245495112083 4993.988660273779 5000.363996037326
1502464536733 4997.389638746724 4994.106799387106 5000.483035666173
1502464539267 4997.540220722919 4994.362593280161 5000.511013596868
1502464541885 4997.43666170666 4994.213910924546 5000.438059893703
1502464543821 4997.616666008977 4994.3535044494965 5000.67005887504
1502464546153 4997.5308950653 4994.327501093583 5000.755485787344
1502464548058 4997.77213914329 4994.624044136577 5000.894769609931
1502464550904 4997.874268246139 4994.883082684668 5000.9426985184255
1502464552915 4997.6248696674775 4994.60645396767 5000.702021196528
1502464555219 4997.369705076606 4994.397305425163 5000.333431373445
1502464557313 4997.350720962592 4994.4193524754855 5000.260264295581
1502464559622 4997.549327818113 4994.685006340519 5000.46285372865
1502464562373 4997.409760427019 4994.548294200366 5000.183720472155
1502464564596 4997.646551762834 4994.771853369367 5000.4982513357
1502464567156 4997.848074690292 4994.98210337895 5000.645732517245
1502464569416 4997.929835505068 4995.061693878046 5000.744088174672
1502464571464 4997.687979764666 4994.7111281545 5000.513405672998
1502464573818 4997.469153366319 4994.510577838834 5000.282941809583
1502464576173 4997.496335063099 4994.698114344955 5000.116995853504
1502464578568 4997.377745483327 4994.553592697128 4999.992787765704
1502464580966 4997.368185296685 4994.561026449506 5000.01664767347
1502464583090 4997.200398105622 4994.384048490376 4999.762046068604
1502464585276 4997.270132246285 4994.335565352308 4999.86243464908
1502464586968 4997.442649633233 4994.487953000215 5000.154642457594
1502464588888 4997.428203640788 4994.554729953311 5000.03650986215
1502464590678 4997.5284272833105 4994.616475464373 5000.143904689021
1502464592876 4997.501190049818 4994.63079938243 5000.169172031443
1502464594861 4997.643444296826 4994.630883542866 5000.205751720899
1502464597377 4997.637390712479 4994.669135635972 5000.176122833382
1502464599352 4997.758779570671 4994.8751744542415 5000.264137815107
1502464602072 4997.74634509812 4994.887326243265 5000.426278566724
1502464604273 4997.551629199568 4994.734515567689 5000.163588346793
1502464606324 4997.549240111007 4994.729436966029 4999.878422093872
1502464608341 4997.445728656275 4994.561948820968 4999.895013732794
1502464610012 4997.49027045598 4994.631963987668 4999.909894546678
1502464612593 4997.46324136195 4994.661424275876 4999.971500632879
1502464614928 4997.427227014619 4994.6082397881655 4999.982482028549
1502464616548 4997.578261444319 4997.578261444319 4997.578261444319
