1502464299155 4990.356577909481 4965.021428571428 5015.677076381377
1502464300526 4984.653669822586 4966.908164816786 5002.682479997041
1502464301999 4988.469346712242 4974.073774658283 5003.189486330045
1502464302914 4992.738378384141 4980.370128781448 5006.216743093361
1502464304132 4989.62180627167 4978.513701996799 5001.263500832182
1502464305430 4992.232030905705 4981.936487519277 5002.328753872112
1502464306607 4994.760868373278 4985.7037202726615 5003.3848938785
1502464307730 4994.566036025951 4985.35472424193 5003.11112249161
1502464308822 4994.459419630588 4985.713996660155 5002.926144290404
1502464310119 4994.054318412989 4985.505437028314 5001.995313777132
1502464311423 4993.680605284023 4985.136329309546 5001.572338573318
1502464312921 4994.702742659145 4986.871906233146 5002.257894952832
1502464314201 4995.209783763925 4987.712764111102 5002.6528113041895
1502464315832 4992.868776157956 4985.853228428892 5000.040198184165
1502464317329 4992.759729570674 4985.978488652375 4999.415991029088
1502464318718 4993.392953806749 4986.976296899034 5000.106756514113
1502464319832 4993.472039102361 4987.63640944733 4999.904350021189
1502464320837 4994.798015312209 4988.6293603688455 5000.962398446479
1502464322010 4994.514212605494 4988.470331508362 5000.7852056127085
1502464323659 4994.41058779378 4988.64702751245 5000.364926254211
1502464324997 4994.772891440872 4989.2777121941035 5000.302217533873
1502464326324 4993.12447746699 4987.678453424702 4998.5564898845205
1502464327446 4993.473464249095 4988.093711316728 4998.850706820432
1502464328834 4993.366063178769 4988.448906372057 4998.411207679575
1502464330108 4993.510840983276 4988.503486199062 4998.852209295026
1502464331523 4994.014341985161 4989.194930706719 4999.117968809689
1502464332944 4993.846037088574 4989.291893352071 4999.084170313622
1502464334300 4994.804303145268 4990.38808831025 4999.593458379658
1502464335714 4995.380291952556 4990.8311441267 5000.495985248712
1502464337152 4995.636663693448 4991.3130958796655 5000.253406840398
1502464338886 4995.821817494025 4991.689624449535 5000.322502748193
1502464341277 4996.472644373862 4992.381069099445 5000.941600818771
1502464343041 4996.890632985325 4992.802014440669 5001.292616387144
1502464344727 4996.990868911405 4992.90508610753 5001.393931987275
1502464346360 4996.6046907458285 4992.600927387657 5000.959761838017
1502464347832 4997.042663150987 4993.102619029644 5001.277953737843
1502464349513 4997.603212489455 4993.660967886671 5001.923889061431
1502464351140 4997.367441602104 4993.535354148177 5001.736098860103
1502464352700 4996.824600248423 4992.9342266795975 5001.126748414577
1502464354306 4997.309489644056 4993.5127912578555 5001.5637800701015
1502464356050 4997.135576676059 4993.4974792028215 5001.030695112482
1502464357877 4997.172516778182 4993.452926634956 5001.244799097048
1502464359653 4997.095902705431 4993.361618333464 5001.381158284835
1502464361516 4996.971831927789 4993.2864067673445 5001.019974863728
1502464362971 4996.9528774948485 4993.332724261793 5000.933248516871
1502464364697 4997.146727993373 4993.598560608354 5001.113761211625
1502464366768 4997.134301112341 4993.72849670079 5000.853114803226
1502464368269 4997.152632619293 4993.82987480916 5000.8414516765215
1502464370038 4997.581079275899 4994.300558110144 5001.1775232514665
1502464372000 4997.645351279183 4994.50179675117 5001.242808541406
1502464373593 4997.862009356871 4994.825287748001 5001.337378686874
1502464375214 4997.932083255772 4994.771831963451 5001.332514019522
1502464376908 4997.779889017442 4994.812042048085 5001.188904379303
1502464379091 4997.539374345801 4994.408799756484 5000.846200989859
1502464380559 4997.386528225042 4994.266521489652 5000.525069329624
1502464382190 4997.4693964420985 4994.356073013504 5000.62782899531
1502464384084 4997.141766290118 4994.050693209802 5000.27521699145
1502464385884 4997.181162443697 4994.001769658569 5000.303385074236
1502464387251 4997.05138577602 4993.897864133414 5000.2209369254315
1502464388868 4997.330131604897 4994.1226673904275 5000.518802526137
1502464390440 4996.67756145335 4993.49869968231 4999.812609972488
1502464391813 4996.640044251288 4993.492069205554 4999.71203490486
1502464393717 4996.825764154602 4993.743564296166 4999.873907138373
1502464395512 4996.869422662677 4993.847305017428 4999.858435028869
1502464398016 4996.994891191397 4993.878791252558 5000.06133125592
1502464399949 4996.961067917851 4993.894335609961 4999.984379391336
1502464402051 4996.8369608731045 4993.729336803202 4999.827580544857
1502464404089 4996.909048666136 4993.775987075494 4999.917469477439
1502464406447 4996.543685948401 4993.393253531162 4999.577788952266
1502464408500 4996.5294602654585 4993.368662751848 4999.4398751710105
1502464410149 4996.630146661593 4993.379100409836 4999.580515389016
1502464411863 4996.581823232134 4993.3642556906925 4999.5768689091265
1502464413316 4996.679776824922 4993.464719968258 4999.616128586432
1502464414819 4996.728725813459 4993.508667956634 4999.693406785149
1502464416534 4996.613959274481 4993.528242727594 4999.559826509835
1502464418702 4996.568857813671 4993.5419287828545 4999.447634424609
1502464420459 4996.631941827389 4993.649681288504 4999.499992781943
1502464422441 4996.829770530807 4993.85199643819 4999.551812190089
1502464424581 4996.695937763564 4993.736806451428 4999.432251533526
1502464426684 4996.801595254746 4993.8374189961305 4999.61462547584
1502464428513 4997.001798096719 4994.152670093067 4999.7342353360345
1502464430350 4996.9768550503095 4994.084561257467 4999.67911971091
1502464432041 4997.020867745136 4994.129949252983 4999.761833857933
1502464433971 4997.118359516686 4994.362478176875 4999.857148654016
1502464435985 4997.114243989241 4994.331243628613 4999.649315932932
1502464438060 4997.1814756920985 4994.41888048462 4999.8210274665535
1502464440196 4997.374210866322 4994.695733922332 4999.897755719982
1502464442142 4997.465246798658 4994.765096942904 4999.954878477046
1502464444052 4997.669568123424 4994.949031430765 5000.269954057321
1502464446056 4997.709226288128 4995.01104780168 5000.311339957126
1502464447956 4997.592024991225 4994.796069586389 5000.120211703773
1502464449940 4997.448644370645 4994.6704565674345 5000.030040858613
1502464452206 4997.465470998004 4994.67977144057 4999.976023821451
1502464454496 4997.610195064759 4994.905199563189 5000.106397545639
1502464456757 4997.6879890313785 4994.95792186116 5000.18423619119
1502464458867 4997.712588697493 4994.966467280752 5000.146881674129
1502464461465 4997.4744973377965 4994.847099537749 5000.045725003649
1502464463358 4997.48153841903 4994.716663499765 4999.943486089714
1502464465307 4997.555727298473 4994.7214015036125 5000.008267325907
1502464467029 4997.578261444319 4997.578261444319 4997.578261444319
