1498493526292 4996.643586954203 4973.393755930059 5020.750853863099
1498493531279 4991.84150866941 4973.43398921863 5009.675630380967
1498493536517 5002.124245590839 4988.269098720524 5016.00807085693
1498493541856 5000.022614471769 4987.305088575096 5011.941594599639
1498493546491 4999.562880687926 4987.265156353929 5009.369355861074
1498493551882 5001.182745286238 4990.938987511379 5011.129110382999
1498493556823 4999.12077108518 4989.397138160018 5008.2019393106775
1498493561766 5001.472082273724 4992.672006564069 5010.316354546801
1498493566845 5000.880025231314 4992.434631093983 5009.644239484827
1498493571980 5000.541952434572 4992.33376803471 5009.270964916179
1498493576985 5001.3492098865 4992.815839726346 5009.039455441589
1498493582251 4999.388976848076 4991.061710031335 5007.138370780999
1498493587584 4997.262013309137 4990.136047526436 5004.524018689723
1498493592372 4997.27075417444 4989.786769071694 5004.222828820305
1498493597234 4998.369483715237 4991.192595882395 5005.2509215116015
1498493602521 4999.051652899611 4992.335777993289 5005.976066575044
1498493606988 4997.534492045891 4991.728054751758 5003.964636943081
1498493612364 4997.426813557826 4991.678128309565 5003.726128216344
1498493617455 4999.25978603064 4993.806573818439 5004.752379086095
1498493622445 4998.34120406651 4992.5517415561935 5004.033855958948
1498493627777 4998.079847150654 4992.3132899576885 5003.584723355926
1498493632534 4998.360463797166 4993.05589312801 5003.45970706966
1498493635802 4997.740871484317 4992.385327685058 5002.53817007951
1498493638678 4997.255092399798 4991.9222995348455 5001.965007784443
1498493643160 4998.09280596218 4992.915318888416 5002.758712423768
1498493648264 4997.480600446973 4992.087452968101 5002.235344681252
1498493653300 4998.3268624658485 4993.090468348778 5002.971235850248
1498493657991 4997.530646884349 4992.133354749269 5001.9555591457465
1498493663100 4997.095052939866 4991.900415806194 5001.462537095762
1498493667851 4997.825009867215 4992.651794983275 5002.275837280463
1498493672720 4997.967854539965 4992.981756851579 5002.625585988787
1498493676099 4997.969063433544 4992.890122694172 5002.466324052864
1498493679072 4998.576540900444 4993.820468693735 5002.987020773499
1498493682468 4998.566423658051 4993.7157816030085 5002.800330847865
1498493686432 4998.946749963005 4994.351639968984 5003.438295058754
1498493691109 4998.764798886113 4994.292741202522 5003.127100662271
1498493695597 4999.088762795089 4994.469884081163 5003.404501096098
1498493699606 4998.699910703511 4994.30951224256 5002.933602261739
1498493704412 4998.408363477031 4993.886881080571 5002.603928301763
1498493709085 4998.430463247154 4994.065587546728 5002.737892663555
1498493713331 4998.497753435943 4994.208169072258 5002.729554541704
1498493717590 4998.093014945358 4994.038441173472 5002.252868934929
1498493721478 4997.869748518203 4993.759133866723 5001.811217077641
1498493724437 4997.754293510742 4993.64388059361 5001.780984110574
1498493727609 4997.640779549522 4993.778885967711 5001.388524687932
1498493731001 4997.5333289979235 4993.732689789653 5001.258337091621
1498493734463 4997.407458831823 4993.575863246933 5001.016694068651
1498493738154 4997.714851257576 4994.04281168828 5001.464194148908
1498493742026 4997.458749607677 4993.817310189789 5001.075612567571
1498493745712 4997.455325224383 4993.96039706101 5000.862139046753
1498493750621 4997.322820343285 4993.682872354699 5000.91711240013
1498493754687 4997.447746730053 4993.716970742924 5000.867845617769
1498493758516 4997.661051147564 4993.975526383503 5001.146558554477
1498493763275 4997.1768431471255 4993.5383787836945 5000.555162356538
1498493767571 4997.152290892188 4993.55588692273 5000.464301838581
1498493771109 4997.137801309502 4993.541645025352 5000.408135806723
1498493774742 4997.42370557276 4993.818866855689 5000.575384020859
1498493777976 4997.759679798791 4994.2377173859195 5000.889228187438
1498493780720 4997.520023453908 4994.130669416772 5000.596054758812
1498493783661 4997.8730251936 4994.364412469052 5000.899924678342
1498493786771 4998.275376320196 4994.680908085712 5001.35250545012
1498493790815 4998.106025466649 4994.685712142126 5001.249202620023
1498493794226 4998.262832047288 4994.870179552754 5001.265565417023
1498493797503 4998.135445680595 4994.617663286267 5001.094424718606
1498493801397 4998.046237888919 4994.588735286544 5000.977670822618
1498493805049 4997.9655511288465 4994.488415739076 5000.923469995095
1498493808417 4997.969201371254 4994.466905451596 5000.89142831762
1498493811769 4997.995227296182 4994.394797306821 5000.852500200272
1498493815494 4997.986291532597 4994.500537532784 5000.760170738109
1498493818518 4997.835740515955 4994.510526125743 5000.722883220203
1498493821307 4998.173291264095 4994.911529242103 5001.050209108906
1498493824133 4998.01122203606 4994.85055481578 5000.756005174183
1498493827776 4997.915057775109 4994.63951458825 5000.74514809782
1498493830851 4997.869943101159 4994.775349218145 5000.591134243819
1498493834519 4997.901758384683 4994.918056484896 5000.747129000974
1498493837983 4998.045982503609 4995.124486316596 5000.82555360576
1498493840357 4998.31575013006 4995.268662388849 5001.063826482292
1498493842813 4998.423954080366 4995.428886057905 5001.142387623437
1498493846156 4998.353100445377 4995.343521323385 5001.09227853467
1498493849611 4998.397257157575 4995.4876365383225 5001.154547190428
1498493852259 4998.439003999863 4995.50099374357 5001.1097993390995
1498493854963 4998.322693110514 4995.351742973682 5000.990092356294
1498493858539 4998.280463311408 4995.339023007031 5001.016986269288
1498493861541 4998.40846404355 4995.477670374623 5001.111167081671
1498493864300 4998.150542201299 4995.203874478284 5000.761909929899
1498493867002 4998.198818456941 4995.21383771306 5000.8206107353635
1498493870975 4998.176367393549 4995.239377533168 5000.6810603351905
1498493874024 4998.072835538816 4995.180802991676 5000.632230641327
1498493876351 4998.138143293716 4995.257833058482 5000.641507256226
1498493879075 4998.046443597076 4995.082059593496 5000.567936324171
1498493882115 4997.981442719548 4995.037414541456 5000.580840517888
1498493884950 4997.996785755407 4994.999804887417 5000.618285826929
1498493887370 4997.905803969213 4994.914457801328 5000.518176785146
1498493889854 4997.938719760515 4995.043294748985 5000.549868641351
1498493892890 4998.14161899133 4995.192490580181 5000.676570791954
1498493895892 4998.0144962732675 4995.040998315367 5000.515255599129
1498493898157 4997.914360468972 4994.943350920674 5000.444786330641
1498493900271 4997.76979815916 4994.773063521663 5000.277936411728
1498493902570 4997.679543733791 4994.943989450364 5000.1518377386
1498493905107 4997.578261444319 4997.578261444319 4997.578261444319
