1502464258994 5009.376128 4983.9049730025 5038.990346274922
1502464259960 5002.239973554283 4982.889798859988 5020.491699912631
1502464260840 5004.974996800842 4991.349914928569 5019.994069216238
1502464262050 5000.524596107704 4988.508453165921 5013.92826
1502464262937 5003.307270765544 4991.818280455981 5015.071858752866
1502464263826 5001.6709797789545 4990.981769532399 5013.274340973332
1502464264680 5003.957027537468 4994.444680273234 5014.34881231694
1502464265826 5005.189044410805 4996.6735713855605 5014.874170756119
1502464266723 5002.2687832242045 4994.267884116526 5011.059655496957
1502464267660 5002.582887392708 4994.727344913352 5011.1412060883895
1502464268807 5002.495238999696 4994.968499296605 5010.990233854115
1502464269863 5001.2810129820755 4994.4732308345365 5009.314580644164
1502464270815 5001.771787049794 4995.012664663144 5009.517857563907
1502464272021 4999.802182488311 4993.3645551093205 5007.6003360789555
1502464273022 4999.493077272986 4993.68346252168 5006.833535105257
1502464274052 4999.366454512017 4993.958787630416 5005.979358503421
1502464275034 4998.119904323384 4992.23078648123 5004.583860429828
1502464275914 4997.538160926349 4991.754277414213 5003.808203804635
1502464276996 4997.469872500597 4991.957003070718 5003.852432535807
1502464278318 4998.300172504968 4992.963322649993 5004.891370074171
1502464279295 4998.170867124332 4992.9945866235175 5004.362304954424
1502464280222 4998.509830774598 4993.253448010145 5004.250029767396
1502464281769 4998.233442351833 4992.812484468021 5003.67820919546
1502464282892 4998.596030749741 4993.358688719759 5004.06767798035
1502464284104 4998.613395603824 4993.46132708581 5004.099037125726
1502464285284 4998.533377233842 4993.584496453913 5004.085683262125
1502464286320 4998.271549589861 4993.435307189474 5003.627159877737
1502464287305 4997.274719282948 4992.234448874441 5002.484095210098
1502464288720 4997.745939642762 4992.955826838553 5002.627580692011
1502464289690 4997.772471896137 4992.880484079194 5002.825331349554
1502464290798 4997.82952951817 4993.263318701457 5002.9029702058315
1502464292256 4998.296459761293 4994.0367071965165 5003.189832440892
1502464293414 4997.944463898983 4993.864805503646 5002.708299546495
1502464294426 4997.930540967128 4993.742873250642 5002.480815951657
1502464295626 4998.429999232448 4994.388678947532 5002.947553289974
1502464296666 4997.790478694831 4993.7955737876255 5002.08971647929
1502464298038 4998.0295792624775 4994.147137422376 5002.427563027982
1502464299628 4998.3676292697155 4994.165436970882 5002.793073189625
1502464300962 4998.508547868281 4994.400393771533 5002.821415553116
1502464302362 4998.824215185447 4994.838288446716 5002.88816132165
1502464303972 4999.006180861171 4994.9589135365295 5003.005034958767
1502464305652 4999.140476208606 4995.143687222002 5003.01108940632
1502464307180 4999.06980336041 4995.106798878732 5002.993299906604
1502464308574 4999.157180667033 4995.436673793458 5003.0907221751495
1502464310097 4999.582164228959 4995.924485515629 5003.638639916319
1502464311556 4999.225820117199 4995.601091396413 5003.148152355247
1502464313033 4999.301838262145 4995.76798530388 5003.084483902312
1502464314366 4999.548378728923 4996.0288431054905 5003.416049096804
1502464315910 4999.136114669414 4995.681550695335 5002.84775412911
1502464317444 4999.185355862994 4995.727550314477 5002.89024013222
1502464318896 4999.230599913627 4995.7538330893985 5002.981694131419
1502464320654 4999.248584260246 4995.764827881986 5002.931636963159
1502464322050 4999.469211295019 4996.007464107368 5003.034389579304
1502464323654 4999.449895996702 4996.092143350151 5003.008771535549
1502464325462 4999.324932536866 4995.912942938921 5002.843247395598
1502464327017 4998.984003685541 4995.643472386493 5002.403284778578
1502464328514 4998.972241641988 4995.555927236827 5002.2689537571305
1502464329785 4999.439639349529 4996.148732357399 5002.728126839407
1502464331523 4999.651509517351 4996.103145427454 5003.034543797303
1502464333077 4999.877573567299 4996.44231120523 5003.079495345103
1502464334563 4999.845764847544 4996.735490098952 5003.071019003227
1502464336105 4999.626641108413 4996.3877180287855 5002.767566134492
1502464337497 4999.572243722407 4996.633797667258 5002.683782150449
1502464339193 4999.48481165695 4996.431591931698 5002.621388044903
1502464341346 4999.562828658299 4996.495121139019 5002.511866667908
1502464343305 4999.6466731211995 4996.727423675198 5002.719845508908
1502464345362 4999.563869484195 4996.570995625733 5002.775358656589
1502464347435 4999.472655727013 4996.767184310078 5002.50021830376
1502464349140 4999.8498374963 4997.054878380482 5002.950420689479
1502464351589 4999.828354556223 4997.0218623464025 5002.856653869252
1502464353183 4999.859721214156 4996.980747286939 5002.836179280391
1502464354776 4999.914912354733 4997.133176951261 5003.045952565054
1502464356629 4999.773904466832 4996.9501709672795 5002.868550585125
1502464358507 4999.509143839721 4996.7943704673135 5002.337447685892
1502464360585 4999.352176310889 4996.705800329834 5002.162777791749
1502464362533 4999.193352499644 4996.527456751816 5002.118815629826
1502464364711 4998.783659712844 4996.090336638179 5001.66234260941
1502464367009 4998.657324912844 4995.896439179232 5001.542014085944
1502464369046 4998.508047794227 4995.919971377448 5001.380605352207
1502464370848 4998.77434050604 4996.068162881567 5001.635087806704
1502464372891 4998.58518606258 4995.895778159991 5001.179248112829
1502464374740 4998.516903941887 4995.815524005842 5001.146106286974
1502464376842 4998.4183099951915 4995.73658284509 5001.025353566151
1502464378783 4998.408736161762 4995.6798441463125 5001.167359917636
1502464380559 4998.282755067513 4995.471791698933 5001.038038964087
1502464382278 4998.0498071448865 4995.28640258141 5000.769150035009
1502464384017 4997.831998533517 4995.079319217162 5000.491824326579
1502464386229 4997.941639442287 4995.252021949456 5000.4765245179
1502464388156 4997.868780386722 4994.956850972331 5000.463503812942
1502464389774 4997.983312908782 4995.041201405417 5000.53386984477
1502464391426 4997.9517026684325 4995.100122301115 5000.529171466467
1502464393291 4998.151622949919 4995.299867661899 5000.656414267394
1502464395756 4998.3715757746795 4995.612841681059 5000.953599530571
1502464397956 4998.266111001859 4995.472266926261 5000.881407299079
1502464399840 4998.067027243697 4995.340935110419 5000.748507043653
1502464402096 4998.209776421108 4995.453451931802 5000.744033873194
1502464404113 4998.1738453138405 4995.390953585844 5000.781914354246
1502464406914 4998.045835266044 4995.338952879716 5000.60084951645
1502464408818 4997.829620424641 4995.012623430438 5000.30686644974
1502464410897 4997.578261444319 4997.578261444319 4997.578261444319
