1498493344373 5014.410944297535 4989.532787063874 5039.866625389641
1498493347382 5013.780868804914 4994.420433006192 5030.733381901441
1498493350874 5005.0030505478535 4990.079673277401 5019.387359763983
1498493353501 5001.874762039342 4989.510297895354 5014.626903862556
1498493356298 5002.640070816092 4992.518624262436 5013.909597852747
1498493358844 5000.488001470744 4990.940560625669 5011.545947421031
1498493361675 4995.7564362622725 4986.1081745113925 5005.151468293267
1498493364558 4997.2896081295785 4988.2597423199495 5006.7090006274275
1498493367587 4997.814121608091 4989.423263845656 5006.342465580097
1498493371125 4996.652085096946 4988.877743502315 5004.677355155633
1498493373539 4997.8391774745005 4990.156987856895 5005.5222042185305
1498493376848 4996.586856010779 4989.515270036817 5003.898793779686
1498493379949 4996.485104644478 4989.419177174463 5003.64540342154
1498493382936 4995.632171867244 4988.623069397993 5002.755349596511
1498493386269 4994.733930168228 4987.859237256227 5001.389890391105
1498493389821 4995.817190203247 4988.892352407319 5002.366647614653
1498493393394 4997.636599501056 4991.233137160868 5004.116240942561
1498493396631 4997.528564157489 4991.632664861823 5003.926103374045
1498493399853 4997.89401627573 4991.954829577772 5004.511972154834
1498493403366 4998.502627407124 4992.939198221255 5004.569578752697
1498493407213 4998.414574068147 4993.125226351934 5004.056252344265
1498493410877 4999.094695779183 4994.083482956845 5005.083716415637
1498493414471 4999.120534201707 4993.693167872516 5005.066727704205
1498493417962 4997.777371316474 4992.680827202368 5003.507374793379
1498493421811 4998.376571682004 4993.502914090859 5003.9829736756365
1498493425389 4997.785939380758 4992.845754945704 5003.369370315144
1498493428702 4998.8959967008595 4993.909828991463 5004.320222020625
1498493432459 4998.901077512127 4993.750885031613 5004.418396845899
1498493436386 4999.447688842557 4994.47356977449 5004.851485423334
1498493439972 4999.33606004218 4994.478235055508 5004.443109101503
1498493443875 4999.258365885695 4994.801143712222 5004.278160327705
1498493447863 4998.610151548266 4994.102274291192 5003.355451936954
1498493451667 4998.386892014407 4993.556526110186 5003.24399802427
1498493454375 4999.046461045898 4994.26894099177 5003.848694843981
1498493457786 4998.45204541006 4993.523519246737 5003.089734704451
1498493460974 4998.635548643535 4993.702580267559 5003.172949628384
1498493464514 4998.473178325184 4993.630135969438 5002.944098072299
1498493469042 4997.697582201276 4992.977786481729 5001.972733653903
1498493473585 4998.2799152506595 4993.478616718147 5002.561670967723
1498493478211 4998.187182146381 4993.619387959866 5002.328910424595
1498493482465 4998.479797937801 4994.052922023869 5002.65984273051
1498493486916 4997.824885028442 4993.469848819398 5001.888334011976
1498493491305 4997.553975959513 4993.354518716623 5001.683376622001
1498493495397 4998.0016093398 4993.985836747492 5002.0880391232695
1498493500219 4997.774418325983 4993.824793081175 5001.7637846624675
1498493505586 4997.979095696219 4993.881207408704 5001.911060107716
1498493510612 4997.92847755066 4993.908121590678 5001.7670849098795
1498493515703 4997.3324522331695 4993.568432965058 5001.042270564654
1498493520839 4997.412044612233 4993.464192895401 5001.172360159093
1498493526456 4997.236806374083 4993.358029431966 5000.974802167831
1498493531364 4997.29475064324 4993.4340710702345 5000.931382352988
1498493536679 4997.057749468218 4993.175512525565 5000.712787756387
1498493541925 4997.177205343807 4993.3584628486 5000.703236653122
1498493546725 4997.303457829761 4993.602366890151 5000.841450200241
1498493551888 4997.278641427332 4993.717404615581 5000.739217541618
1498493556946 4997.036869578418 4993.4071880114425 5000.423288501929
1498493561992 4996.851061729321 4993.200599540521 5000.255777941024
1498493567067 4996.574851126763 4993.009150128475 4999.999024195689
1498493572134 4996.6764917915825 4993.08985582947 4999.971003484336
1498493577194 4996.715550878899 4993.236132221304 4999.944055364062
1498493582488 4996.971969619273 4993.585078464436 5000.284699382204
1498493587651 4997.141856823968 4993.814874726882 5000.393804089558
1498493592608 4996.9786854866725 4993.544703210492 5000.292349526272
1498493597486 4997.0393716653225 4993.545893163893 5000.375774222786
1498493602636 4997.112186024019 4993.634733904682 5000.276510707187
1498493607269 4997.147990583154 4993.759496188692 5000.305568400653
1498493612391 4997.317562628788 4993.797777122428 5000.376978999002
1498493617504 4997.3696240069885 4993.892679333876 5000.420810413013
1498493622445 4997.183408128449 4993.679867543919 5000.245856404633
1498493627777 4997.350103849566 4993.835112360966 5000.357346062499
1498493633229 4997.177222347668 4993.716851849726 5000.274492646616
1498493638036 4997.224817801507 4993.875128699234 5000.120035922088
1498493643160 4997.397017003506 4994.002287837163 5000.288648210946
1498493648704 4997.34903505611 4994.027189822099 5000.394573817537
1498493653624 4997.586805540748 4994.210956521739 5000.649852053918
1498493658434 4997.378871959501 4994.055436503507 5000.34907380585
1498493663239 4997.354675772721 4994.046266548345 5000.269386482098
1498493668358 4997.361228721629 4994.110123069217 5000.310384785746
1498493673146 4997.2878659621165 4994.061876246633 5000.27928678835
1498493678904 4997.506052986877 4994.307441828616 5000.50644640315
1498493682794 4997.419904492144 4994.350056004399 5000.235826587774
1498493686928 4997.301975381454 4994.295612741104 5000.141866466223
1498493691566 4997.23147016674 4994.224211057892 4999.859545925631
1498493696023 4997.13273476587 4994.143177466555 4999.817165671314
1498493700002 4997.132908532764 4994.233616974275 4999.832968174481
1498493704999 4997.453497989419 4994.539233070714 5000.133064016681
1498493709445 4997.767695737935 4994.774646699787 5000.51095787283
1498493713825 4997.5922806181115 4994.675074722771 5000.3009177648255
1498493717959 4997.558662917676 4994.627505089058 5000.2243739895885
1498493722653 4997.788217902974 4994.855959319077 5000.372730257412
1498493726759 4997.687689656584 4994.726151172811 5000.288238020706
1498493730643 4997.653520094907 4994.687024598434 5000.266844430058
1498493734277 4997.745697055294 4994.818548815213 5000.302447768532
1498493738309 4997.610114347974 4994.720872160702 5000.188527164873
1498493742375 4997.752302364848 4994.9301311859745 5000.377208694814
1498493746240 4997.633624339161 4994.819015820094 5000.2070886498495
1498493750726 4997.712554671347 4994.864109446025 5000.289415733568
1498493755124 4997.517647093941 4994.764224053849 5000.120586922212
1498493758822 4997.467259435012 4994.76565094597 5000.00774592937
1498493763706 4997.578261444319 4997.578261444319 4997.578261444319
