1502464234392 5012.900102327961 4986.467519093796 5037.57424310121
1502464235412 5016.176700063952 4999.099415460735 5035.157006673022
1502464236282 5003.677360206953 4991.053977535443 5017.4800823423775
1502464237053 4999.428007227259 4987.009125857375 5012.472294352101
1502464237916 5003.1942136776925 4992.597625618076 5014.506777679615
1502464238679 5002.102990564529 4992.479793970761 5012.391781023509
1502464239541 4999.482139375625 4990.380901674423 5009.6312685565545
1502464240404 4997.773952957735 4988.9352712926875 5007.348196508644
1502464241634 4998.945016669155 4991.305740173718 5007.001952726316
1502464242754 4995.5015193225845 4987.416537426884 5003.539886321065
1502464243680 4995.650544137773 4988.092189253754 5002.981541385306
1502464244490 4995.298343906036 4988.389319988102 5002.4591661917875
1502464245412 4995.051487038847 4988.637998512812 5001.648357188077
1502464246184 4994.074084905201 4987.38724523969 5000.65911432662
1502464247092 4994.820297395656 4988.252962661975 5001.428799438327
1502464247891 4995.830091491247 4989.742970695257 5002.38840360373
1502464249036 4996.047643535794 4989.960379392679 5002.28814738792
1502464249945 4995.340354630597 4989.446362833288 5001.338549466484
1502464250824 4996.636239167372 4990.995196761403 5002.180362408559
1502464251961 4998.8061825245695 4993.194767408899 5004.609040557479
1502464252927 4999.121105256691 4993.105986130515 5004.5565265584055
1502464253753 4998.774386485229 4993.071484065182 5004.119302483845
1502464254679 4998.530364173548 4992.926513681166 5003.941258664117
1502464255515 4999.65428222664 4994.063656343273 5004.7985856478945
1502464256540 4999.520442590179 4994.423233898963 5004.047883359702
1502464257338 4999.937093209672 4994.800467891935 5004.566477330782
1502464258604 5000.427969163201 4995.492389755977 5004.926796290029
1502464259719 5000.525172329511 4995.711972661755 5005.142433928903
1502464260807 5000.275024499767 4995.602709020726 5004.837648514741
1502464262260 4999.957378372655 4995.2872305343335 5004.350424145785
1502464263368 4999.908683637524 4995.44443467917 5004.327708796616
1502464264502 5000.693556403621 4996.278245250479 5004.884860425147
1502464265945 4999.992024994896 4995.945235880215 5004.050126333853
1502464267048 5000.195161731287 4996.284239193343 5004.163326706298
1502464268476 4999.119188072299 4995.112653575777 5002.906664173671
1502464269784 4999.476263913022 4995.464309684524 5003.11345877705
1502464271100 4999.515007248932 4995.439269170638 5003.317346463953
1502464272373 4999.358295947017 4995.3173442111665 5003.025689403406
1502464273575 4999.110362815535 4995.125436042512 5002.787566716806
1502464274660 4999.1218984113275 4995.29025847014 5002.809607210968
1502464275963 4998.86096922989 4995.111058053936 5002.598192784233
1502464277535 4998.738885769663 4995.005248695624 5002.376567694991
1502464278926 4998.401931573814 4994.662060865573 5001.890661128009
1502464280186 4997.602586690624 4993.879638845042 5001.0752160119555
1502464281939 4997.859501175944 4994.3393388920485 5001.363472796778
1502464283365 4997.496408896371 4993.9429097786815 5000.86955568126
1502464284505 4997.571277058545 4994.166251396371 5001.057455359695
1502464285755 4997.316048220171 4994.022494432586 5000.573657562219
1502464286868 4997.442285961925 4993.9453175479775 5000.717090106464
1502464288352 4997.631374092446 4994.301023484741 5001.093955772038
1502464289610 4997.610457149116 4994.279655245952 5000.866425467373
1502464290985 4997.479793993571 4994.206391231535 5000.753677713205
1502464292423 4997.597886965018 4994.341122726838 5000.693935900644
1502464293605 4997.602376991931 4994.366135394646 5000.623024364159
1502464294878 4997.439958335708 4994.216069890639 5000.423601288546
1502464296164 4997.996969028966 4994.72908112403 5001.028118373744
1502464297432 4998.189307984842 4994.91292891925 5001.434414556876
1502464299063 4997.891424305172 4994.71030406712 5000.887932742158
1502464300861 4997.919572674158 4994.876538376262 5000.843398807779
1502464302578 4997.822778031459 4994.850697995118 5000.923329694656
1502464304336 4998.073600026284 4995.165395842153 5000.954515290805
1502464306022 4997.716055666136 4994.830185514107 5000.620651482781
1502464307486 4997.437154652894 4994.5438188841745 5000.344130699497
1502464309393 4997.457061066159 4994.582921589296 5000.298598830092
1502464310806 4997.231191086068 4994.364725345884 5000.311029919301
1502464312596 4997.268751350753 4994.277536916888 5000.2962010771535
1502464314268 4997.232259362058 4994.248438881363 5000.000932071053
1502464316380 4997.31480134398 4994.3747016338075 5000.309494642639
1502464317905 4997.54771667811 4994.573380663172 5000.462912468923
1502464319362 4997.424875140911 4994.530123710644 5000.408994578498
1502464320751 4997.541471509537 4994.781038658133 5000.475834702064
1502464322467 4997.6427797690685 4994.838778571473 5000.513500061497
1502464324249 4997.570042908001 4994.773616209078 5000.4640609663875
1502464325936 4997.418221621133 4994.686795187999 5000.254764322821
1502464327516 4997.274606225904 4994.584163821983 5000.118876725952
1502464329428 4997.178118401093 4994.508289338727 5000.112810706907
1502464330925 4996.920162462906 4994.283128699989 4999.781713796151
1502464332457 4997.096428507972 4994.391466418352 4999.966523756554
1502464334073 4996.937692550802 4994.314545810753 4999.686131813606
1502464335795 4997.260563335236 4994.466812289503 5000.009997404511
1502464337955 4997.280109534924 4994.380185305575 5000.026055660822
1502464339622 4997.596284215979 4994.672793151899 5000.326071178441
1502464342082 4997.88990575637 4994.917754826243 5000.639568658003
1502464343798 4997.964464988634 4995.074884398913 5000.673144855669
1502464345790 4997.645491697391 4994.784911185154 5000.200152430045
1502464347572 4997.701662927967 4994.957991191657 5000.3192039046935
1502464350097 4997.709664833591 4994.992552320844 5000.385030213639
1502464352082 4997.638215705867 4994.928192954509 5000.354595779735
1502464354834 4997.57931263311 4994.866620462903 5000.239941552623
1502464356871 4997.516898489192 4994.877622937368 5000.125066818026
1502464358962 4997.676551635427 4995.056984030329 5000.321418285593
1502464360792 4997.439260001738 4994.855428355431 5000.1357275739165
1502464363624 4997.185266564981 4994.518489727776 4999.756994759978
1502464366114 4997.306627537805 4994.6756807255115 4999.7993758891225
1502464368010 4997.376938860064 4994.853162078146 4999.899897643548
1502464370038 4997.519753381181 4994.976774743774 5000.187959622031
1502464372544 4997.640963693874 4994.933199624635 5000.151875414044
1502464374876 4997.55610220631 4994.803372251267 4999.936932643061
1502464377200 4997.655552267569 4994.928003650874 5000.061838164107
1502464379767 4997.578261444319 4997.578261444319 4997.578261444319
