1502464507797 4994.8023657289 4966.954343199845 5023.120764112281
1502464509171 5002.778514546443 4985.195247613134 5022.603378984312
1502464511460 4999.134372490067 4985.312855705554 5014.6488791529755
1502464513647 5000.9512858239505 4988.196912943751 5015.652955387181
1502464515450 5003.757770755775 4992.386874919655 5016.496875396871
1502464516440 5004.908993347737 4994.3467402336955 5016.000219211114
1502464518922 5000.772496748431 4990.784012720781 5010.609774317711
1502464520886 5001.974552035331 4992.583581525604 5011.381045928362
1502464522470 4999.388846505589 4990.812288897558 5008.40641218446
1502464524299 4997.925481784105 4989.691045959509 5006.229138141823
1502464525781 4997.4071228373505 4989.602133058972 5005.236366337702
1502464526988 4996.660949368776 4989.043087087302 5004.433093916496
1502464528583 4997.909118493176 4990.5812373877225 5005.461127419927
1502464530545 4997.170152236024 4990.050315242923 5004.37893143611
1502464532343 4997.922410582546 4991.532743365407 5004.671703847087
1502464534931 4997.807048824463 4991.255400881103 5004.211205299715
1502464536745 4997.140074722237 4990.857981250772 5003.722452607697
1502464539320 4996.952634789767 4990.859931412226 5003.593545623966
1502464541290 4996.760631612495 4990.719826956114 5003.601102621633
1502464543407 4995.301268438087 4989.255274808848 5001.733522836238
1502464545285 4995.767793703606 4989.724091538389 5002.176330525032
1502464546731 4995.722098279184 4989.830184519873 5002.008106854222
1502464548058 4994.041922917899 4988.4813682323365 5000.154669508715
1502464550900 4994.002701631817 4988.183254845735 4999.94453139408
1502464552912 4993.608047761194 4988.219182785564 4999.2662033336
1502464555218 4993.458228093079 4988.184938739557 4999.233123499751
1502464557378 4993.642258530411 4988.500410583131 4999.085719220323
1502464559622 4994.269128469882 4989.426300857405 4999.552494268844
1502464561517 4994.544270842906 4989.896468774728 4999.626430126671
1502464563918 4994.142894201377 4989.352595063198 4999.0926242005235
1502464566194 4994.50664158548 4989.687472337796 4999.1480371521075
1502464568999 4994.849368445671 4990.1808969271915 4999.479166444854
1502464571169 4995.226323651603 4990.516283173325 4999.907770300256
1502464573428 4994.5265684457145 4990.247886637994 4999.239087249692
1502464574460 4994.621304958076 4990.457445479643 4999.217303850534
1502464576246 4994.741194726431 4990.656563533582 4999.029253708509
1502464578389 4994.6913655586995 4990.600754421992 4998.7922040470985
1502464580564 4994.448512913223 4990.403271334267 4998.279089340526
1502464582531 4994.7793653509825 4990.910420053417 4998.640196958512
1502464584864 4994.675483161508 4990.731231924649 4998.683590732536
1502464586499 4994.677564110565 4990.733846937304 4998.658499002532
1502464588083 4994.899594786956 4991.1228576163185 4998.747697344095
1502464589322 4994.762046030175 4991.143842302452 4998.463283074266
1502464590993 4995.004796738276 4991.227486536094 4998.8102764762625
1502464592862 4994.880888891415 4991.203494307103 4998.499059757772
1502464594922 4994.973493358276 4991.307839582332 4998.613530486707
1502464597327 4995.182147934636 4991.493290121519 4998.9288617233515
1502464599321 4995.514329410082 4991.498383227042 4999.400524089354
1502464601649 4995.3788331779215 4991.61035309995 4999.250135238577
1502464603529 4995.560395034774 4991.699378651454 4999.499568670991
1502464605196 4995.178126975315 4991.375249590531 4998.990274985367
1502464606459 4995.368312224851 4991.61135843666 4999.04972047505
1502464607969 4995.730065209608 4992.145119293932 4999.446501694936
1502464609768 4996.025279906251 4992.27636972932 4999.503013130183
1502464611866 4996.243941478452 4992.587749715389 4999.738794970812
1502464614385 4996.202798898777 4992.450053101247 4999.765065358561
1502464616548 4995.774696187195 4992.1698286529245 4999.229879948796
1502464618049 4996.184099993898 4992.640399973948 4999.506010348401
1502464619945 4996.4272578912905 4992.864081900454 4999.747047079365
1502464621493 4996.393132322178 4992.925272994347 4999.749440709549
1502464623195 4996.417533015874 4992.994099901282 4999.682160868328
1502464624915 4996.332515807468 4992.8218670035685 4999.585287293545
1502464626835 4995.920679152312 4992.537964546597 4999.040908103441
1502464628794 4995.9349194134065 4992.613245812008 4999.0476320274975
1502464630424 4996.403990045387 4993.1914018510215 4999.399862695253
1502464632054 4996.378779645993 4993.160915394249 4999.448225897764
1502464634147 4996.502365063757 4993.40078982977 4999.631721421776
1502464635789 4996.25577498564 4993.208012592124 4999.4315057590575
1502464637671 4996.703987016787 4993.584062160022 4999.963691462303
1502464639368 4996.61124090108 4993.595819360939 4999.726740013459
1502464641132 4996.683259664643 4993.5204064908985 4999.7818112639025
1502464643496 4996.477785519878 4993.335439978552 4999.601076872564
1502464645361 4996.587329371273 4993.408718988129 4999.72903950942
1502464646954 4996.50836413152 4993.397767233118 4999.670101627098
1502464648411 4996.429249127595 4993.440029724381 4999.422062571256
1502464649777 4996.484478564956 4993.638530840045 4999.654973815705
1502464651406 4996.245364647713 4993.278674668988 4999.409945892554
1502464652760 4996.3849345129765 4993.544769715936 4999.410752502126
1502464654151 4996.492083468505 4993.72330145079 4999.47862398359
1502464656034 4996.272960501312 4993.654539123511 4999.233993104123
1502464657869 4996.484098797618 4993.880888116011 4999.34275808903
1502464659823 4996.693250806324 4993.879731140027 4999.574372948932
1502464661256 4996.940952403461 4994.176640222307 4999.7598754026
1502464662664 4996.926432510296 4994.250917785217 4999.828547228468
1502464664269 4996.883456752094 4994.193922392867 4999.694355415523
1502464665698 4996.9368294402075 4994.204245340881 4999.702362153357
1502464667189 4996.941667373304 4994.2904923667365 4999.751705421843
1502464668987 4997.117368922977 4994.437805109962 4999.898624262207
1502464670803 4997.259016678573 4994.534284784141 5000.049187052562
1502464672268 4997.221374581111 4994.579824689205 5000.012509000088
1502464673799 4997.466897037791 4994.8157170074455 5000.3088623906615
1502464674936 4997.5724689658755 4994.869710532793 5000.38059645213
1502464676061 4997.4691263601435 4994.719297869305 5000.369648471462
1502464677212 4997.31709972028 4994.555767549867 5000.198141955961
1502464678673 4997.428396719522 4994.604411110049 5000.227061698906
1502464680065 4997.517124394363 4994.696408664763 5000.181197253986
1502464681487 4997.3106633393345 4994.475064508867 4999.941013715805
1502464682600 4997.288176100958 4994.492944448438 4999.914392172837
1502464683768 4997.409602429359 4994.613134195014 4999.990370202925
1502464685101 4997.578261444319 4997.578261444319 4997.578261444319
