1502464447761 5018.792785306401 4994.303416170329 5045.444926498462
1502464449004 5002.840570600643 4984.511585141596 5020.488698058601
1502464451251 4997.878519413165 4982.612547164498 5012.774756620009
1502464453296 5003.506317646244 4990.461062508964 5016.056545782774
1502464455014 5002.483214523253 4991.180200686487 5014.063246809349
1502464456756 5003.17174796748 4993.590181729434 5013.0534873592305
1502464458265 5003.451691306811 4994.409700761406 5012.411972988096
1502464460096 5003.202472037672 4994.028542682299 5011.91442329567
1502464461916 5000.930542559265 4992.088034638712 5009.747812728235
1502464463771 4999.782547791343 4991.234377973665 5008.172931618316
1502464465901 5000.336924308473 4992.586649099169 5008.233760663995
1502464467221 5000.399921819474 4992.860113499043 5007.9772379735205
1502464468332 4999.378292203681 4992.100300729446 5006.921863532805
1502464470084 4999.539413304741 4992.341882969422 5006.4423545015525
1502464471675 4999.006490358988 4991.75814265752 5005.676560318381
1502464473441 4998.094936531734 4991.318157549287 5004.514817788207
1502464474776 4997.250876376648 4990.3629192963535 5003.4697678443135
1502464476334 4998.672052773662 4992.204303836606 5004.352418881384
1502464477927 4998.7520180091815 4992.370921907501 5004.179783672505
1502464479768 4999.240050959216 4993.076715322425 5004.775116165991
1502464481912 4999.697718762438 4993.826245557934 5005.013950501186
1502464483811 4999.453556022264 4993.914994109152 5004.915281388088
1502464486036 4999.772520248779 4994.54083595169 5005.071424255732
1502464487911 4999.631096778206 4994.575630624303 5005.001845814783
1502464489948 4998.805884720945 4993.84079224156 5004.2444175550145
1502464491767 4998.2536320903255 4993.063440727654 5003.309535850232
1502464493465 4998.994921681286 4994.142927733264 5003.888636771171
1502464495343 4998.083090360138 4993.347756606139 5003.00020121872
1502464497430 4997.895154205103 4993.047502127963 5002.573170422169
1502464499240 4997.553175672602 4992.7283016266 5002.2542487011515
1502464501450 4997.215724102261 4992.462102370733 5001.831822841176
1502464503622 4998.183355676258 4993.634709142054 5002.73102010189
1502464505587 4998.367591047328 4993.872021966612 5002.99459174152
1502464507392 4998.383566626302 4994.224379447147 5002.857805068627
1502464509465 4998.576344920563 4994.346995367425 5002.954037510699
1502464511745 4998.110817935702 4993.769964116499 5002.356220504788
1502464513757 4997.684221020391 4993.533397913545 5001.651970412045
1502464516192 4998.616361277696 4994.4721204854895 5002.498752429082
1502464518526 4998.087959057482 4993.604784204488 5002.090457112039
1502464520555 4997.871509761633 4993.655031765368 5001.900834371917
1502464522147 4998.0576625451395 4994.23015659307 5002.304102116119
1502464523991 4997.7967515500295 4993.9342321614795 5001.939966249375
1502464526004 4997.67861134499 4993.751712971778 5001.759959598228
1502464527329 4997.630705496737 4993.801045564503 5001.657700443009
1502464528862 4997.613566109649 4993.806440082214 5001.651629761351
1502464530932 4997.428414894785 4993.785245019802 5001.224647721434
1502464532632 4997.3236062393735 4993.56494447083 5001.0211759174235
1502464535255 4997.229820065573 4993.538088086204 5000.766709334002
1502464537118 4997.129835290309 4993.4696519836625 5000.561608269289
1502464539883 4996.745920465603 4992.814129655014 5000.210864230688
1502464541481 4996.83302556067 4993.092264977306 5000.094078412164
1502464543555 4996.854694430845 4993.119820591851 5000.250141865553
1502464545717 4997.045512732831 4993.384439345796 5000.434807795972
1502464547815 4996.416070430143 4992.85647812813 4999.775623760092
1502464550491 4996.463304032695 4992.891965212631 4999.844996678764
1502464552654 4996.185243003532 4992.552689534831 4999.445443618617
1502464554874 4996.288685474021 4992.685822914935 4999.725047625833
1502464557313 4996.569119621963 4992.9931853994685 4999.9104640333035
1502464559448 4996.170858388316 4992.716882608853 4999.462023830643
1502464561986 4995.979750977536 4992.606043661838 4999.171455022024
1502464564235 4995.873371948775 4992.581365974564 4998.960694362691
1502464566498 4995.95017501336 4992.688013358532 4999.049477802024
1502464569530 4996.309616994835 4993.095930379258 4999.3085141286965
1502464571627 4996.404785241491 4993.314907165262 4999.375946377354
1502464573904 4996.498903896147 4993.475843626411 4999.522882990935
1502464576244 4996.8195571915185 4993.977918534144 4999.902621931676
1502464578925 4996.718576531708 4993.845060617168 4999.645781305119
1502464581012 4996.789371878583 4994.018649378938 4999.723827786636
1502464583144 4996.748795108311 4993.889295984066 4999.560758989443
1502464585385 4996.760537399774 4993.921725326799 4999.578229119717
1502464587090 4997.036953642106 4994.222354166717 4999.73347579305
1502464588888 4996.964186997431 4994.108110955598 4999.688481217582
1502464590993 4997.159286863383 4994.346679410787 5000.0526632432375
1502464592836 4997.278970591456 4994.379531983464 5000.129119296851
1502464594899 4997.36023174859 4994.572009166695 5000.165008913519
1502464597398 4997.543448730537 4994.85002495922 5000.468157453599
1502464599355 4997.456437652311 4994.76546035707 5000.372566939657
1502464602089 4997.33869423326 4994.61478504196 5000.2418847478175
1502464603901 4997.333968376831 4994.471376746521 5000.131397431135
1502464605863 4997.404088386806 4994.449587394945 5000.154644828951
1502464608057 4997.450508335737 4994.550882608643 5000.145371603732
1502464609772 4997.470502828681 4994.554907114102 5000.139057954472
1502464612238 4997.554629138469 4994.684752350111 5000.316266380226
1502464614626 4997.755680063069 4994.943701073881 5000.516197655809
1502464616802 4997.896609805145 4995.038670244619 5000.595447207362
1502464618663 4997.710118066128 4994.879836231762 5000.399448704243
1502464620344 4997.93290166621 4994.975047515364 5000.637231694159
1502464621789 4997.934122142214 4995.078861011189 5000.656999846784
1502464623600 4998.031677390777 4995.219160792402 5000.824068814751
1502464625307 4998.136637657881 4995.324630611328 5000.823154313935
1502464627326 4997.912144228796 4995.117972724848 5000.515698322748
1502464629079 4997.877255380642 4995.136276280628 5000.462642052099
1502464630873 4997.672391993575 4994.917424412457 5000.282512399569
1502464632509 4997.632972298757 4994.937711761404 5000.200908968968
1502464634610 4997.396404160702 4994.680485986517 5000.024133654602
1502464635982 4997.229495511607 4994.497560845205 4999.789510198994
1502464637700 4997.443375371613 4994.692890727956 4999.982056609134
1502464639795 4997.531452075752 4994.803630939608 4999.999004203114
1502464641431 4997.474210396303 4994.62845980614 5000.014839441677
1502464643858 4997.578261444319 4997.578261444319 4997.578261444319
