1498493374204 4994.963049040512 4969.115906260614 5019.448602634115
1498493377560 5002.237139994458 4983.140978156585 5019.467119660497
1498493380528 4998.83742076691 4983.1148932 5013.6638246556795
1498493383062 4995.615755147278 4982.181877909985 5008.442679214239
1498493386345 4996.753587354097 4985.116115612653 5008.060247012325
1498493389859 4994.109442644614 4983.045123757365 5004.3508857825
1498493393207 4995.556444602843 4985.7467780667985 5005.9798216063145
1498493395895 4992.711107207894 4983.045828007994 5002.260936064527
1498493398287 4991.579104028991 4982.432271937166 5000.386112294718
1498493401069 4993.734718808162 4984.927964402943 5002.100343980941
1498493404048 4994.708267578711 4986.844987121767 5002.507582616638
1498493407031 4997.642190954092 4989.458726634643 5005.211659491707
1498493410721 4996.412730486097 4988.902476119093 5003.388466680567
1498493414262 4994.757086354647 4987.540594353417 5001.896083542692
1498493417797 4994.962351241173 4988.130338309024 5001.3397153565775
1498493421723 4994.750976874802 4987.850778691063 5001.017055870153
1498493425213 4994.7960325201175 4988.052825533671 5000.696657742843
1498493428514 4996.0472222832195 4990.10734549379 5001.693169468247
1498493432226 4995.885139265091 4990.207002093319 5001.502922216437
1498493435864 4996.01642222362 4990.050070211863 5001.384249962056
1498493439482 4995.4463715975 4989.322379464935 5001.156015050728
1498493442344 4995.596669714536 4989.712051935969 5001.426447385475
1498493445468 4994.886002728804 4989.0656667732355 5000.417796295933
1498493449000 4994.7140160369545 4988.811079037806 5000.368102189872
1498493452390 4994.648835862744 4989.094479910191 5000.07940116513
1498493456236 4995.398132394002 4989.7999474332555 5000.695166835471
1498493459938 4995.29892716755 4989.8949333576165 5000.618568451508
1498493464195 4995.599412313489 4990.059069344633 5000.990987325437
1498493468599 4995.8957027656525 4990.539001631604 5001.440322995805
1498493473447 4996.759447154139 4991.564354736877 5001.700490146282
1498493477991 4996.792776960773 4991.725885441859 5001.9005091076615
1498493482209 4997.272589413954 4992.010939104132 5002.240137055837
1498493486701 4996.802654567837 4991.666708523409 5001.6678119198505
1498493490920 4996.851170308299 4991.776627179523 5001.764215040374
1498493495082 4997.329137340985 4992.277067897152 5002.077487625078
1498493500013 4997.625837579686 4992.63972812571 5002.362526282385
1498493505233 4997.442396280941 4992.654468257699 5002.011251862629
1498493510353 4997.323045804891 4992.669901522072 5001.555941844633
1498493515580 4996.9118476981885 4992.403779364411 5001.328813854921
1498493520449 4996.621208028336 4992.002435214783 5000.985984885673
1498493526029 4996.818226358896 4992.415227757103 5000.932609490109
1498493531213 4996.868418179895 4992.554521314725 5000.761416217958
1498493536374 4996.4572090857455 4992.216161405928 5000.2086530108945
1498493541657 4996.35068322057 4992.2282881636165 5000.257806165388
1498493546332 4996.444715128723 4992.42565394661 5000.09876893746
1498493551677 4996.71066416271 4992.6651879548235 5000.245267154868
1498493556736 4996.231456599236 4992.188203443402 4999.789432983944
1498493561637 4995.975091807199 4991.860841496317 4999.570450800341
1498493566733 4996.041289457094 4991.996910709004 4999.603116764535
1498493571853 4995.8052623072945 4991.918534907619 4999.527551696928
1498493576864 4996.2538568865775 4992.034170263731 4999.50955692728
1498493582144 4996.072163667008 4992.143595504258 4999.279329737733
1498493587482 4995.858060385383 4991.824091278285 4999.157588031346
1498493592333 4995.708971310076 4991.642060132635 4999.194043950926
1498493597105 4995.876144244165 4992.046198840781 4999.27045580392
1498493602464 4995.826981221583 4991.883118486606 4999.294324443756
1498493606942 4996.276573221488 4992.582851606815 4999.669850807006
1498493612199 4996.0686994727475 4992.349838929336 4999.385033410807
1498493617424 4996.051717303955 4992.28685851548 4999.378669172333
1498493622386 4996.126895432711 4992.4083343073735 4999.3816831336435
1498493627413 4996.5667391391025 4992.938098412307 4999.79460747667
1498493630375 4996.746308598048 4993.111039217741 4999.94855862654
1498493633923 4996.81782387083 4993.324625245469 5000.054101835419
1498493638206 4996.7038865857085 4993.057661279126 4999.907452533647
1498493643160 4996.439677646255 4992.920502526677 4999.544843431919
1498493648736 4996.269328740991 4992.842710391099 4999.278351129562
1498493653854 4996.27255565354 4992.571525501558 4999.167346603494
1498493658490 4996.529967290655 4993.094577952591 4999.512373119199
1498493663544 4996.714477272102 4993.429404761093 4999.626213231952
1498493668373 4996.790472549584 4993.2720799961735 4999.638496882212
1498493672855 4996.96457256507 4993.650733877066 4999.7456435157455
1498493678310 4996.634063000124 4993.37852736482 4999.389856126973
1498493682793 4996.740497850483 4993.608804142213 4999.42005307423
1498493686733 4996.723203571748 4993.635486253323 4999.3415696921065
1498493691517 4996.533651587951 4993.476455363889 4999.287269322421
1498493696022 4996.622069273718 4993.627791449196 4999.329787631896
1498493699871 4996.6168946372945 4993.567630789528 4999.405019703456
1498493704687 4996.678244504054 4993.747026926088 4999.279211425477
1498493709445 4996.901036195302 4993.967347009028 4999.538777991198
1498493713594 4996.991343488459 4994.012667959777 4999.71478032971
1498493717996 4996.904996398826 4993.897006562029 4999.601789756414
1498493722525 4996.782256496373 4993.900382524991 4999.425259324961
1498493726429 4997.050332749345 4994.216564132993 4999.633532142583
1498493729909 4997.042087716893 4994.071871526047 4999.686025476841
1498493734221 4997.270920200558 4994.379506408875 4999.8032504746725
1498493738047 4997.312717945547 4994.415950244157 4999.744009121705
1498493741834 4997.2991747389 4994.415444103164 4999.7399706787055
1498493745605 4997.457193821321 4994.546546982158 4999.91198715578
1498493750478 4997.355147898513 4994.460220134527 4999.883613449232
1498493754903 4997.4770168846535 4994.628999390498 4999.9732024064915
1498493759291 4997.159076076192 4994.218926132766 4999.587499494326
1498493763480 4997.351833009957 4994.504588099773 4999.736688366689
1498493768020 4997.422719724972 4994.577183240567 4999.851017714952
1498493771609 4997.583966967311 4994.781741237331 4999.998313768108
1498493775748 4997.343866255022 4994.453192214768 4999.741068819931
1498493779328 4997.296130391741 4994.520108645714 4999.761177937181
1498493782594 4997.338524459614 4994.640935286531 4999.749653140728
1498493786721 4997.340265140394 4994.586370467741 4999.778337366291
1498493790711 4997.467366474306 4994.811853316678 4999.928850724082
1498493794345 4997.578261444319 4997.578261444319 4997.578261444319
