1497974689693 5030.573504273504 4912.577488450231 5153.32010029252
1497974691362 5010.6732207736695 4925.542233117896 5091.1890557498455
1497974693205 5048.806646925861 4983.708232724384 5110.721273301245
1497974694741 5025.831553086948 4964.38474851271 5078.342684766214
1497974696992 5019.739104426594 4966.167505074574 5069.0613482438175
1497974698623 4989.197107455672 4941.141773895004 5036.773463395012
1497974701210 5002.815838275762 4958.882257241015 5049.046952595937
1497974702842 5001.111031830806 4961.609563409564 5045.886492985972
1497974705059 5002.952150023072 4964.391099738754 5043.6702192816165
1497974707262 5010.955304875443 4974.769047438905 5048.950270054011
1497974709072 5014.032196459927 4979.746643674781 5051.2005131313135
1497974711236 5016.125049661872 4983.542779708194 5049.445387452261
1497974713887 5009.15253071547 4977.388776053215 5042.108783018068
1497974715755 5002.924822179977 4972.691808888889 5034.400928825099
1497974717931 5006.983404031731 4976.043661386165 5036.106581967213
1497974720131 5011.68446346871 4982.868572678871 5040.209738306203
1497974722157 5006.198386118397 4977.727582616569 5035.086016985541
1497974724073 5003.632985198949 4976.57415625 5032.0351959595955
1497974725959 5004.209172383743 4977.304209859219 5030.914103914711
1497974728360 5006.5590867345845 4979.200133037694 5033.22517151054
1497974730527 5002.556349548734 4976.23388 5028.575212443473
1497974733216 4999.195735556676 4973.522897648936 5023.818745291573
1497974735343 5001.212667537992 4976.386274131112 5024.736054096482
1497974737358 5002.040902800321 4976.0967047095855 5026.986396117082
1497974739419 5001.943188613802 4977.518043806889 5026.16565837235
1497974741759 5004.206466163487 4981.344455445545 5026.86572227091
1497974744082 5003.113586754548 4979.19733626265 5025.276507846856
1497974746381 5003.738077033151 4980.452611120811 5025.906838033441
1497974748902 5005.456981760711 4983.206284586676 5027.569854269035
1497974751397 5007.110382593021 4985.145101355793 5027.471958073363
1497974754577 5009.897986468247 4987.896904049578 5030.912176211454
1497974756938 5010.348010678056 4987.838776034971 5031.831980064105
1497974759515 5007.683697091359 4985.6527305285745 5029.139192546584
1497974761749 5005.804955451338 4986.093815491571 5027.219956481814
1497974764234 5008.634008200923 4988.100485129138 5030.246183643823
1497974766737 5005.261955611748 4984.759731780484 5027.622246696035
1497974769135 5003.086321562664 4981.6230939438055 5023.844515418502
1497974771641 5001.985020182389 4981.07522252383 5023.7427533039645
1497974774476 5001.027306859391 4980.321827822471 5021.795176320884
1497974777243 4998.010558687853 4978.077280362842 5017.93032586558
1497974779878 5001.816272921036 4981.120280477061 5021.6428762567375
1497974782507 5001.002746501734 4981.13943546079 5020.328704211952
1497974784932 5002.0624903893795 4982.522797286378 5022.271096351594
1497974787548 5001.022053829626 4981.428864226524 5020.193569528343
1497974790554 4998.731349658922 4977.607123330469 5018.3182206645315
1497974793056 4998.80924332059 4978.056464874297 5019.615813664596
1497974795452 4999.626575087351 4978.807713291654 5019.916959567097
1497974798201 5000.3719181944 4979.863274542072 5020.1524389233955
1497974801026 5000.393349564326 4980.178711400056 5019.1131194355785
1497974803938 5001.900911521738 4982.549862088045 5020.022580699622
1497974806398 5001.844089443222 4981.657045912597 5019.662012515912
1497974809285 5001.548388612434 4981.999697432063 5019.812486103748
1497974811656 5001.967972731117 4982.780131574397 5019.410162780655
1497974813904 5002.1667556565535 4983.058903136025 5020.209966873706
1497974816520 5001.340653191634 4982.703027956989 5019.479943188523
1497974819121 4998.751330548365 4980.365911049395 5016.740331313132
1497974821581 4997.873288227103 4979.276352777534 5015.046977363515
1497974824430 4999.000076885948 4980.255304868856 5015.841452283261
1497974826963 4998.347827572657 4979.440787757394 5014.622935483871
1497974829266 4997.98735253163 4979.666431623931 5013.83800921659
1497974832023 4996.476878983069 4978.428645333593 5012.243583260139
1497974835042 4996.984379538349 4980.190842367343 5012.966631010783
1497974837951 4995.955662057741 4978.721397756687 5011.843631147541
1497974840753 4994.170123701476 4977.098936082474 5010.352833527559
1497974843328 4993.705202188687 4976.864093670823 5008.902671070727
1497974845971 4994.764590051897 4978.278381561899 5010.061192801891
1497974848771 4994.641365494441 4977.8142236775975 5010.303549473815
1497974851452 4995.358301653069 4978.262877042001 5010.381115151516
1497974854135 4995.437921813864 4978.162744222634 5010.690922851683
1497974856786 4994.999923113067 4977.691922299023 5009.457468227539
1497974859518 4994.917846662481 4978.114735208453 5010.064892120179
1497974862213 4994.97196213778 4978.010890408481 5010.312468808017
1497974864454 4995.67392669352 4978.805896907216 5011.388971512986
1497974867081 4996.720132072409 4980.157366325593 5012.211592071669
1497974869915 4996.347115910334 4980.019396585572 5011.738859578663
1497974872217 4997.462318512475 4981.467045515115 5012.223876887021
1497974874693 4997.922885689022 4981.816374209305 5012.900090670829
1497974877268 4998.021234243047 4981.59717526769 5012.803260705099
1497974880144 4998.357765598903 4982.738536204844 5012.871570424754
1497974882837 4998.138452469437 4983.1102532160785 5013.005468155664
1497974885480 4997.3202294706625 4982.121497786128 5012.543997242817
1497974888127 4996.73116024365 4981.002474891364 5011.77153211869
1497974891087 4996.027731027825 4980.699220618557 5010.853773645399
1497974893254 4996.282699791122 4980.676849484536 5011.09569036555
1497974895598 4995.732410670425 4980.73719929658 5010.4684695037095
1497974897847 4994.36695727204 4979.181851551496 5008.928231495772
1497974900409 4993.8264803123375 4979.379281142214 5008.640490005352
1497974902868 4994.505604298907 4979.762668245316 5009.192723059919
1497974905033 4994.644112973499 4980.6064138982865 5009.0396331855245
1497974907197 4994.231265057153 4980.186789875795 5008.422633787316
1497974909916 4993.918486687825 4979.997750395763 5007.835270827508
1497974912655 4994.53658963735 4980.667585807857 5009.034405227634
1497974915419 4995.545798983384 4981.651703856725 5009.787770410612
1497974918065 4995.299581393362 4982.223718865575 5009.223127966066
1497974920852 4996.595571274796 4983.260307180201 5010.100483606558
1497974923858 4995.698573729107 4982.318611397024 5009.404983285689
1497974926624 4996.001981999684 4982.874496906047 5009.628749308119
1497974929422 4996.7559587882515 4983.492816239316 5010.192435775452
1497974931979 4996.971999743705 4983.849258585807 5010.34414583381
1497974934387 4997.575980863287 4997.575980863287 4997.575980863287
