1497974738819 5012.659974369927 4888.271378708551 5134.842292314527
1497974741413 5036.075560298826 4944.547391786903 5115.829215896885
1497974743586 5008.322374039282 4939.306686094921 5074.963050161812
1497974745808 5011.465563267485 4954.278824128277 5067.2309375
1497974748262 5022.723669599385 4968.738592998175 5072.0575514167185
1497974750897 5031.030183682187 4980.842826837628 5076.232092149461
1497974753471 5037.888017941051 4991.923085131357 5083.679803212852
1497974755689 5032.239240111582 4986.884287271556 5073.081693184652
1497974757951 5025.23697992311 4986.638623024831 5064.316942885809
1497974759855 5017.902208740975 4981.070345072297 5051.923015521064
1497974762214 5022.422956982357 4987.222001871741 5055.765515632291
1497974764599 5024.417320614632 4990.474622422468 5054.80803589456
1497974767298 5025.30407463254 4993.4551000184465 5055.575762898903
1497974769709 5017.346796240922 4987.151372205173 5047.206255468066
1497974771918 5015.303575089698 4983.683471588466 5043.449263932703
1497974774642 5008.705016550988 4979.143713949265 5037.077456236771
1497974776899 5005.650829243707 4976.820444952827 5031.5125628360365
1497974779422 5005.667698892031 4978.754194754286 5030.6710368852455
1497974782141 5003.078840478194 4978.289974437867 5027.702922253285
1497974784583 5000.667940887541 4977.031215562803 5024.759381946093
1497974787111 5000.750136677373 4976.721037693399 5023.6434438621245
1497974790152 4998.151167508788 4977.004728354336 5020.674139344263
1497974792472 4995.820619816002 4973.434549107143 5019.030369200793
1497974794857 4997.302992641186 4973.430401231522 5019.660664133487
1497974797557 4997.101118988639 4973.840323899885 5019.80244544451
1497974800666 4994.26386599127 4971.27816715653 5016.381852216574
1497974803562 4996.1359188467695 4973.923392790321 5018.667661788647
1497974806287 4996.926075423827 4976.79200604621 5019.582473451327
1497974808966 4996.191739279002 4975.861318914143 5018.002438645408
1497974811199 4994.489114231162 4974.412138889873 5016.381856513504
1497974813543 4996.546618712411 4977.221552482742 5018.142350884243
1497974815846 4997.637997684839 4977.671233544828 5018.479928044355
1497974818107 4995.681733529251 4976.086893015375 5016.976231513991
1497974820290 4992.264600979877 4971.825965526929 5012.566912562099
1497974822428 4992.300669340612 4972.248879340618 5013.71760035735
1497974824902 4994.665944777624 4975.48040429219 5015.567431542002
1497974827443 4992.928281577037 4973.952452753433 5013.8489559117
1497974829726 4992.538578836314 4974.476588159216 5013.330166663838
1497974832624 4991.258849207875 4973.296099486774 5010.779169161842
1497974835206 4991.49780883471 4973.17420395196 5011.716503092784
1497974837819 4991.836342358272 4973.410288376946 5011.536863527209
1497974840423 4994.250274414334 4976.107039177445 5014.181451546392
1497974843068 4993.732212337221 4976.025756054842 5013.2030391935605
1497974845775 4994.146569912956 4977.0395855530205 5013.258272164949
1497974848511 4993.549558361238 4976.2735447251625 5013.479282474227
1497974851076 4993.27204079715 4975.5208648171165 5012.413593034036
1497974853828 4991.990851119264 4973.920046865748 5010.194370507256
1497974856376 4994.332528947222 4975.975319926873 5012.3977895161115
1497974859146 4994.628727629949 4976.261172740197 5012.760099571662
1497974861929 4993.934402282551 4975.581712439989 5012.219762937457
1497974864287 4993.011105083993 4975.645899037068 5010.763003468925
1497974866953 4994.0302358559065 4977.7417991071425 5010.69780156109
1497974869635 4993.647275398717 4977.7319406038105 5010.505608108108
1497974871736 4992.103601891281 4975.952900565286 5008.4818520579765
1497974874420 4992.950739989322 4976.374397534526 5009.451041774739
1497974876845 4992.547533113219 4975.156088562483 5009.057867570886
1497974879672 4991.741056974812 4974.864637843474 5009.134583304964
1497974882360 4991.701684620576 4974.9695418079045 5008.976295901435
1497974885575 4991.442985528542 4974.260559519849 5008.05760566771
1497974888305 4990.4619334005365 4973.950708989805 5006.8607442666635
1497974891330 4991.883341662716 4975.403955977121 5008.507261864692
1497974893971 4993.318022408939 4976.751552507183 5010.692658249741
1497974896266 4993.356095102218 4976.564930088314 5010.741290465632
1497974899153 4992.593335526063 4975.522993552715 5008.637788374896
1497974901476 4993.723839953525 4977.3302377848695 5009.914933821339
1497974903668 4993.95800674045 4978.160711500845 5009.457094630139
1497974906182 4993.439882961001 4977.803362998077 5009.305658989152
1497974909021 4993.5724152955045 4978.236843480743 5009.152675991561
1497974911240 4992.9104395369695 4977.08307170694 5008.453455562223
1497974913960 4993.532745010935 4978.178689507495 5010.264177437227
1497974916619 4992.604800266539 4977.208750358674 5009.4397918038185
1497974918782 4992.581168761827 4977.542254464286 5008.875851270962
1497974920942 4991.717508863355 4976.479361168741 5007.532184547469
1497974923611 4993.857592584683 4978.564357142857 5009.482164209758
1497974926413 4993.375124407861 4978.452291632686 5008.292690265486
1497974929184 4994.81490673148 4979.866726300979 5010.444684589037
1497974931728 4995.604650864775 4979.8688035714285 5011.102286467835
1497974934291 4996.8033454216165 4981.57378556701 5013.378274179347
1497974936671 4996.053573564338 4980.467631449025 5011.986105379006
1497974938843 4996.849856904873 4981.774024270253 5012.71691672757
1497974940628 4996.062821164501 4981.1906478643305 5011.9691242398685
1497974942724 4994.459767120011 4979.705599031593 5009.954039911308
1497974944829 4993.902656870702 4979.1674807946565 5008.910836065574
1497974947234 4992.631703045577 4977.890953613835 5007.647831683607
1497974949006 4993.025077954808 4978.746885930197 5008.036782077393
1497974950808 4993.3744959677415 4978.648684978511 5008.510458559421
1497974953596 4993.041023275284 4978.540289638314 5008.258385019465
1497974955326 4992.72178035966 4978.160214042818 5007.230656657248
1497974957676 4993.653632740585 4979.813885168888 5008.329368755904
1497974959408 4994.67638452831 4980.724358129509 5009.01203551493
1497974961867 4994.238759173351 4980.837416530315 5008.359104907499
1497974963447 4993.4938552163385 4980.452525894236 5007.097723014256
1497974965830 4994.51991217541 4980.917995874664 5007.783718059952
1497974968385 4995.032118478271 4981.671230384747 5008.700280099611
1497974969992 4995.444524655709 4982.920908302439 5009.139598360655
1497974972045 4995.884014079093 4983.243778422626 5009.445760902458
1497974973573 4996.354657098311 4983.333720245314 5010.094897929909
1497974975349 4996.913662672732 4983.697592328715 5010.494162010306
1497974977922 4997.67577796288 4984.325858974359 5011.119205873608
1497974979492 4997.575980863287 4997.575980863287 4997.575980863287
