1497974717754 5026.57490396927 4913.01102292769 5136.020618556701
1497974720088 5023.967321657411 4955.102487773762 5100.640208197788
1497974722501 4995.203522580149 4935.855488652153 5062.300678814171
1497974724266 4959.196346544172 4905.823883161512 5017.894050802139
1497974726080 4959.85466507177 4909.165398931866 5016.664155365813
1497974728483 4955.896127587946 4906.626788058437 5000.906885446496
1497974730662 4947.452085051117 4903.798541019955 4992.248820563215
1497974733134 4964.492149951939 4922.924182749114 5006.855922333293
1497974735151 4969.8032635625805 4930.852582381352 5009.212158677602
1497974737139 4969.097304685832 4932.357719066114 5005.9323210021175
1497974739328 4967.129920940344 4931.241156369131 5001.29633346035
1497974741663 4971.905936365578 4937.40630779455 5006.821919678715
1497974743950 4973.800100788801 4938.649469700121 5007.739098306734
1497974746232 4975.912037649953 4943.712346627137 5009.9004989260975
1497974748677 4975.135428544584 4945.1702174104685 5006.9926647978255
1497974751097 4976.862672748082 4948.157149927593 5007.679466471283
1497974754013 4978.0898387454945 4950.596417143038 5006.533922439954
1497974756654 4982.179782718243 4955.759852606012 5010.086811253404
1497974759132 4985.000264767175 4957.958044745431 5013.759217905448
1497974761192 4980.385556575772 4952.734649364384 5010.040051816773
1497974763243 4982.454727553836 4956.785552520572 5012.404657360406
1497974765456 4985.858021501151 4960.821168315425 5015.634514355785
1497974767953 4984.878035654796 4959.568974576271 5012.27047971745
1497974770172 4988.812320347836 4965.43952348407 5015.585849221548
1497974772353 4993.368087469035 4970.72914078675 5020.075717284814
1497974774811 4994.954962458038 4971.996303030303 5019.936502243721
1497974777358 4992.512200122151 4970.289182916959 5016.898709813875
1497974780097 4991.956169274927 4968.800389544004 5015.804565090381
1497974782512 4989.940233292187 4965.943066815155 5012.996979614828
1497974785028 4991.503792764704 4968.137411856246 5015.071645232816
1497974787659 4996.08052825579 4973.798897292712 5018.944010231633
1497974790296 4995.122395722108 4972.982783183293 5018.58973929852
1497974792975 4993.8213861673685 4971.190058218045 5015.6188420454355
1497974795166 4994.814091147869 4972.185218909541 5015.31341756789
1497974797945 4995.415681534756 4973.459048771528 5014.877697841726
1497974800764 4993.273789592374 4971.294228328692 5012.917224242424
1497974803618 4994.768024020638 4972.825288110744 5013.33096613423
1497974806243 4996.261814050434 4974.471832629797 5014.957006621817
1497974809192 4995.286362879218 4973.989693613479 5013.707523232323
1497974811843 4995.895301755435 4975.047483681244 5013.646488405636
1497974814117 4994.725533241648 4974.5687438742025 5011.38266806158
1497974816897 4996.1361362986 4974.92824227885 5013.445912984045
1497974819452 4995.976453252467 4974.534047056484 5012.509566826151
1497974821791 4995.670421007222 4974.8315466162985 5012.09749178148
1497974824569 4995.642743650855 4976.3788236074015 5011.778012533421
1497974827201 4996.076754526467 4976.731170197715 5011.76161703023
1497974829652 4993.60820594303 4974.353119855015 5010.904424058144
1497974832336 4992.62574640572 4973.353855670103 5008.696081780236
1497974835108 4992.737831026824 4974.178544921032 5009.167842304496
1497974837819 4992.275454677476 4974.089079455464 5008.543491676884
1497974840423 4993.503701077648 4975.55408936114 5009.903475247777
1497974843068 4994.624912971609 4977.197865234109 5011.102031888214
1497974845703 4995.665836593826 4979.236341287489 5011.771817791184
1497974848313 4997.012886553904 4980.529391061116 5013.343138254053
1497974850789 4995.78194515633 4979.145516153781 5011.928643442623
1497974853580 4995.427689100935 4979.309495913122 5011.079059179909
1497974856552 4994.338709470744 4978.4322347809175 5010.649821577778
1497974858957 4994.674755353184 4978.962261230987 5011.068432163897
1497974861609 4994.470426674298 4977.8763482155855 5011.0593563675275
1497974864154 4994.787823130414 4978.63641749595 5011.671304989129
1497974866399 4993.990620154707 4977.049043621498 5011.162520491804
1497974868536 4992.743799040651 4975.8848964054305 5010.479074660121
1497974871056 4992.458347749202 4975.700086718698 5010.043018526887
1497974873072 4992.0467934425105 4975.5574858927675 5009.742542950647
1497974875152 4994.184958481411 4977.835871956782 5010.793508936971
1497974877452 4992.4884158009845 4976.61652371134 5009.441405737705
1497974880115 4993.697082957793 4977.929022321428 5009.897489361702
1497974882670 4993.637930150702 4977.620084188675 5009.901498817967
1497974885298 4994.266393565171 4978.472826212895 5009.44621749409
1497974888065 4994.454049944042 4978.469617478794 5009.780638599234
1497974890426 4994.245735814883 4978.916057660972 5009.913751725507
1497974892747 4995.098625362028 4979.821068041237 5010.743456964721
1497974895330 4996.297174687524 4981.416009804976 5011.941244443295
1497974897637 4995.6611718169315 4980.953439374688 5010.96160507565
1497974900056 4995.754798142682 4981.267709856309 5011.6038181818185
1497974902531 4995.148593348199 4981.24892294478 5010.895238770686
1497974904513 4995.222271107959 4981.3179869874 5010.356887983707
1497974906945 4995.348829162858 4980.714436682244 5010.289063256805
1497974909783 4995.705577815178 4980.818723986643 5010.605222980439
1497974912111 4995.497808684955 4981.484834682787 5010.863184994483
1497974915082 4994.527299832553 4980.363274319339 5009.939520210541
1497974917981 4994.497212765321 4979.588456049694 5009.968809516644
1497974920588 4994.431645764275 4980.105228384853 5009.87874429827
1497974923701 4994.586183918259 4980.703780276971 5009.565723014257
1497974926525 4995.810421863787 4981.93048358263 5010.810162335987
1497974929094 4996.752567235075 4982.901121578038 5011.743616234922
1497974931728 4996.605888835731 4982.507629338573 5011.31663713824
1497974934195 4995.81015783516 4982.383581578868 5011.153152993348
1497974936605 4995.3135713767015 4981.484349180462 5009.939931364239
1497974938877 4995.242637824538 4981.795610528364 5010.28339520625
1497974940783 4995.637488626801 4982.367762619674 5010.36712768107
1497974943144 4995.611060088935 4982.042395370537 5010.54290664934
1497974945002 4995.649652715483 4982.148466591615 5010.009281949424
1497974947234 4996.218848113865 4983.105500381971 5010.233380480905
1497974949069 4997.167656971504 4984.007407145353 5011.055141728741
1497974950808 4997.556529019525 4984.626032513456 5011.011520726921
1497974953903 4998.067120315076 4985.210709237062 5011.49430948676
1497974955527 4996.9199034621215 4983.5460924951285 5010.68399590164
1497974957728 4997.436119998462 4984.496263116732 5011.215268182257
1497974959638 4997.575980863287 4997.575980863287 4997.575980863287
