1497974771038 5021.443351859769 4904.900673400673 5136.2079164854285
1497974773516 4984.413586840419 4900.83877948496 5068.888095238095
1497974775929 4987.829280793395 4920.17973641142 5052.184485148515
1497974778733 4986.907955152163 4931.042685589519 5041.591155522483
1497974781551 5000.055095242163 4951.057470281365 5052.901191915702
1497974783995 4999.0975870168695 4952.507342947266 5048.396711009174
1497974786685 4993.4995856967125 4949.19601767664 5037.853682539682
1497974789284 4988.676206749253 4948.8553125 5030.337996373527
1497974791815 4990.586642460487 4952.986520790723 5031.199998361844
1497974794513 4986.838373483683 4949.5688092908495 5027.812494643928
1497974797945 4986.226783425886 4950.616786290323 5023.564473254299
1497974800374 4997.933318523771 4962.758997722096 5033.898808483875
1497974803043 4999.331228747672 4966.76270672472 5032.948045620163
1497974805742 4996.627360183176 4964.296833910426 5032.964233477254
1497974808071 4997.156258009398 4967.659435079727 5031.573937888199
1497974810681 5000.729267323687 4970.95201591963 5035.17139516129
1497974813030 5000.358395775839 4973.432558139535 5032.191004166667
1497974815212 4999.428982770627 4973.215829116206 5027.575156650977
1497974817432 5000.069838679358 4974.47441021123 5027.691748727253
1497974819677 4998.73793707414 4973.313156440022 5026.172919934049
1497974822129 4995.700085440875 4969.6191981776765 5022.330058043118
1497974824685 4994.821177284786 4970.338721799776 5022.504958333333
1497974827201 4994.151469840605 4970.725534756332 5021.208025
1497974829483 4996.174930576323 4973.5247905437645 5020.224880573601
1497974832327 4996.262090297003 4974.789761708174 5019.1696150028365
1497974835164 4994.286303827751 4972.544953792584 5016.74492689801
1497974837598 4992.056032843893 4970.394609699769 5015.402229216778
1497974840157 4991.106394340445 4969.053863138392 5014.035707400923
1497974842870 4994.852436325732 4973.443494416521 5016.774066444974
1497974845545 4993.268750320409 4972.647305014472 5014.922462083179
1497974848313 4995.247700542984 4974.609270346848 5017.071580822561
1497974850990 4992.968613830933 4972.105067790478 5013.565766666667
1497974853616 4990.489670374737 4970.176306372611 5012.588420358879
1497974856068 4988.280487179706 4968.306897494305 5009.114409032898
1497974858746 4988.330333037148 4968.037834578889 5009.099659677047
1497974861382 4987.393418883013 4966.464877453442 5008.404973526683
1497974864028 4987.96536434082 4969.0126527462835 5007.099825688073
1497974866523 4987.471485813391 4967.931701175262 5008.371432264975
1497974868656 4985.9745016959 4966.514624211688 5006.495867612293
1497974870847 4985.801492543689 4966.7829506857015 5005.59072840344
1497974872919 4983.800512601452 4964.634202205016 5002.771791320406
1497974875089 4983.838879585804 4965.083790310745 5002.88305662259
1497974877538 4985.597031056432 4967.745623931624 5004.593101654847
1497974880313 4986.0467858241345 4968.061224742268 5003.470201488541
1497974882941 4988.295002691319 4969.82628652248 5005.946878590914
1497974885732 4990.257992857265 4972.532893767816 5007.247834973059
1497974888367 4993.13856386728 4975.497109003896 5011.169637096774
1497974891274 4991.736074740804 4974.478839940485 5008.722576377449
1497974894042 4993.747736971835 4976.6864768216265 5010.49622983871
1497974896368 4994.445239010637 4975.8699572649575 5011.340501936734
1497974898982 4995.916955726808 4977.9079257731955 5013.085441186558
1497974901659 4994.120932120125 4976.280633837472 5011.196988101193
1497974903851 4995.085008586294 4977.820338108602 5011.927437418685
1497974906467 4994.762324003827 4977.043079523217 5012.150903225806
1497974909537 4996.844885475314 4979.204476210393 5013.66368321513
1497974911973 4996.273560645542 4978.9491463751265 5013.312923230764
1497974914719 4996.798403253297 4979.861375126 5013.638835164354
1497974917709 4997.386950300079 4980.596881083091 5014.2187420512055
1497974920359 4998.895252577892 4982.558132685684 5015.397945404122
1497974923435 4999.098591248484 4982.4562425454 5014.9341887435785
1497974926126 4999.723819328162 4983.767141145499 5015.415317409607
1497974928636 4998.658117650074 4982.689657012737 5014.609147695533
1497974930957 4998.56195830005 4983.358807560314 5013.827021276596
1497974933709 4997.705091841093 4982.039957362335 5012.943394164572
1497974936354 4999.221018098871 4984.133412120018 5014.161419258849
1497974938531 4999.707113077949 4985.190718403548 5014.247991821236
1497974940338 4999.286375771556 4983.973121367676 5014.09421008986
1497974942200 4999.191203167782 4984.473312638581 5013.958292361303
1497974944536 5000.951577283698 4986.18921516055 5015.905063852037
1497974946913 5001.495352492909 4987.068808666379 5016.068974659403
1497974948888 5001.73176138912 4987.723342722838 5016.246907352265
1497974950569 5001.50611693948 4987.478570417802 5016.167293983806
1497974953696 5000.568232203498 4986.594744794735 5015.07006948014
1497974955336 5000.738056590233 4986.547579985407 5014.980983861726
1497974957507 5002.317948433175 4987.879337606838 5016.103437216701
1497974959347 5001.839572832123 4987.300142797144 5016.009588753462
1497974961770 5000.863879265787 4986.642036484631 5015.383979119646
1497974963304 5000.118093822351 4985.541243588855 5014.988094562647
1497974965576 5000.578106979009 4986.546807692308 5015.727770326112
1497974968341 5002.195869286629 4987.592404123711 5016.6893440428385
1497974969842 5001.857757976258 4988.147993311037 5016.270907924859
1497974971853 5002.598076906647 4988.174610404542 5017.141658708981
1497974973395 5002.731420491922 4989.268760962731 5017.325436180822
1497974974991 5001.893072250557 4988.474195764995 5015.936765401469
1497974977448 5002.059230844807 4988.454301030928 5016.39955198772
1497974979078 5001.994698846646 4988.288792947559 5016.333672467648
1497974980585 5002.099755662061 4987.80104908714 5016.077647732958
1497974982781 5001.905494186295 4988.274108872355 5015.886819837336
1497974985111 5001.504835457746 4987.5211845750855 5015.543085807629
1497974987321 4999.98234995109 4985.728711413719 5013.844553971487
1497974989287 5000.318730324168 4986.327201669421 5014.419652618626
1497974990780 4999.747869545717 4986.002881081876 5013.96117718941
1497974992258 4998.403940129173 4984.526546176145 5012.479476742379
1497974993715 4997.531406847354 4984.336975638963 5011.423235435065
1497974995507 4997.776082424905 4984.400219151499 5011.548411425991
1497974997273 4997.311650755003 4984.118710722469 5011.219250566786
1497974999073 4997.853659682621 4985.073205880859 5011.621282666434
1497975001020 4998.362835638557 4985.052043863391 5011.471171880004
1497975003023 4997.85388607676 4984.770143762409 5010.8228933370665
1497975004713 4997.575980863287 4997.575980863287 4997.575980863287
