1498513672617 5054.997012377294 4922.283216783217 5167.72977412731
1498513674537 5014.907790821771 4917.02639040349 5090.214
1498513676500 5035.389399229935 4954.928617014766 5097.416540586628
1498513678834 5041.089327641409 4968.955295315683 5104.03300297324
1498513680884 5048.5721970796685 4986.773907044925 5106.961453452392
1498513682860 5037.293188127269 4981.282361142343 5087.928197125257
1498513684911 5005.985672862993 4958.477929162672 5055.262028865979
1498513686824 5011.449235013045 4966.690570043849 5053.0934679163665
1498513688741 5030.864903529974 4986.365869782251 5070.462674316238
1498513690938 5033.210582507687 4992.614906832298 5069.836594437257
1498513692777 5025.741059302852 4985.625306512256 5058.557822240944
1498513694876 5023.636078260535 4983.511275229358 5054.241096907216
1498513696943 5024.966503805318 4988.511736643691 5053.545770749682
1498513698682 5024.539577194107 4989.693577428387 5053.590049155376
1498513700522 5027.440459870256 4995.680412371134 5056.949304920392
1498513702269 5028.61645526372 4996.408000441123 5058.727992984764
1498513703752 5021.907888836214 4993.254147263948 5050.446572313136
1498513705408 5020.2944171108375 4991.183162034998 5048.718562616307
1498513707667 5015.746267126798 4984.64870544531 5042.937635637725
1498513709888 5018.594870480705 4989.909252428932 5045.2621507520635
1498513712089 5018.457938775772 4990.94231670282 5044.620784833419
1498513713832 5014.605980872485 4987.914172879412 5041.449430280425
1498513715241 5012.440651323321 4986.726272760744 5039.33162030029
1498513716800 5010.502041757791 4985.437961781265 5035.569090664851
1498513718829 5009.69875956807 4985.639059799516 5032.76165722306
1498513721132 5006.616929576141 4982.6443016221565 5028.719842424242
1498513723420 5007.756060263042 4983.277755089628 5031.224058752943
1498513725541 5008.0251893365 4984.6592974845635 5031.27201058248
1498513727152 5011.472915767846 4988.943907989159 5033.749856092957
1498513728628 5011.38973016151 4989.149615384616 5034.348547508574
1498513730278 5010.507503235811 4989.039580473054 5032.258087548328
1498513732612 5012.468134093103 4991.66096059889 5033.513558381565
1498513734328 5012.294362882247 4991.86589250891 5032.965139301674
1498513735790 5013.012618107882 4992.756273850333 5032.858795753241
1498513738388 5011.933855314641 4990.954639368895 5031.895669708712
1498513740465 5011.268560640038 4990.713395746001 5031.641358847959
1498513741851 5010.9554180121995 4990.585410518656 5030.994119116963
1498513743462 5009.235321002948 4989.604631424755 5028.500042762089
1498513745812 5008.047430694973 4988.894356659142 5026.769517730497
1498513747574 5006.695656259744 4986.157699627042 5025.807407790373
1498513749091 5004.814798361433 4986.021153465346 5023.585329013518
1498513751722 5001.818379865359 4984.121270881042 5020.9542746826
1498513754143 5002.009640931886 4983.66083458736 5020.346733311434
1498513756237 5002.254202102439 4984.42615881167 5020.341012667001
1498513757688 5003.154304850753 4984.860970763048 5021.920453314734
1498513759823 5003.703285719168 4985.651187673871 5020.661563255439
1498513761623 5002.3587239750195 4985.182275395034 5019.69580752417
1498513763516 5002.551579639819 4984.7464817947575 5019.911186205702
1498513765459 5002.13871684251 4985.365538461539 5018.750958858332
1498513767214 5002.248387510145 4985.048359932633 5018.97672693473
1498513769856 5001.429461741853 4984.171256410256 5018.086889485537
1498513771590 5002.441383140044 4985.481288251658 5019.784720822415
1498513773543 5000.545716275036 4984.530572367503 5017.194542960172
1498513775283 5002.793884847527 4986.973026745236 5019.1235308643045
1498513777131 5004.226722653897 4988.513289296559 5020.645730496454
1498513779126 5005.809175565997 4990.096209900058 5022.173591562004
1498513780741 5005.798244377523 4990.911075333735 5021.825163120568
1498513782844 5004.722526463276 4989.722099482106 5020.577157159016
1498513784409 5006.551321865349 4992.051502092155 5022.483388586264
1498513786948 5004.706605268666 4990.161286717039 5020.187273485497
1498513788555 5003.833626655275 4989.294493752693 5018.9742903364195
1498513790660 5003.651019440493 4988.712772018821 5018.2769303525365
1498513792992 5002.309569578292 4987.770117935623 5016.900189443817
1498513794736 5002.075843332579 4987.942694327058 5016.764434558332
1498513797046 5000.593901777438 4985.1612032897565 5015.404653182777
1498513799108 5001.267035454934 4985.9066665058435 5016.2084561358815
1498513801043 5001.532310702172 4987.411904714042 5016.4707528093
1498513803005 5002.121457282354 4988.0407211903985 5016.633798732411
1498513804567 5001.363695388453 4986.9869751693 5015.91823309069
1498513806871 5001.104836677246 4987.151724604966 5016.125389666097
1498513808722 5000.965472757951 4986.230904546272 5016.05678981213
1498513810788 5000.277871040772 4986.294087841838 5015.134719514836
1498513812882 4999.092612289357 4984.932453594471 5014.167406283787
1498513814570 4998.455321330172 4983.964606302741 5013.4059526724695
1498513816603 4996.59357646898 4982.512247541912 5010.981247784174
1498513818344 4996.6892999017555 4982.502243575994 5011.075588572914
1498513820266 4996.657044368221 4982.214205128205 5011.392062522382
1498513822291 4997.413203195079 4983.390569174714 5011.531981286176
1498513824264 4996.841903378753 4983.357447422681 5011.417195815664
1498513826050 4996.332827864301 4982.915179008228 5011.0783168229445
1498513828466 4997.092269774078 4982.993298969072 5011.382322975038
1498513830625 4998.504722199678 4984.150459637715 5012.615464716961
1498513832677 4998.631685511326 4984.086787628866 5012.708000443115
1498513834802 4997.798351202427 4984.434001091932 5011.420869425117
1498513837093 4998.4521468357025 4985.07775752587 5011.956801951615
1498513839049 4998.007052270524 4984.468264426266 5011.467879574737
1498513841206 4997.983093056534 4984.251565485815 5011.54683421748
1498513843610 4996.8963076555065 4983.407751485864 5010.807416833615
1498513845599 4997.5169903845745 4983.596560662871 5011.287564461222
1498513847715 4996.504143457609 4983.04321875 5010.520327503429
1498513850152 4997.309887913064 4984.426354222431 5011.653388724748
1498513852395 4997.587014373892 4984.422224590268 5011.52565542429
1498513854544 4996.552999722347 4983.045896162528 5010.373944496719
1498513856789 4996.831866043015 4983.615670103093 5010.911151128024
1498513859055 4997.287314293525 4984.026135255763 5011.2397737068495
1498513861177 4996.475113624714 4983.158981950233 5010.54275145039
1498513863465 4997.260362915627 4984.049248317534 5010.9261851571855
1498513865510 4997.163315606245 4983.647417156201 5010.542778004074
1498513867514 4997.208922453931 4984.094382939646 5010.458504253387
1498513869540 4997.575980863287 4997.575980863287 4997.575980863287
