1497974750610 4992.336464560205 4877.886655260907 5113.108131119626
1497974753290 5052.071520068318 4976.564935064935 5146.253371868979
1497974755323 5032.140787164917 4966.280952380952 5101.524798998037
1497974757543 5032.851072915555 4978.874662927408 5090.130566691949
1497974759539 5007.719422617014 4954.733208288674 5062.488774072334
1497974761677 4986.275179825386 4938.553926586721 5037.707209034049
1497974763995 4994.013049198254 4949.873525840152 5038.657795701261
1497974766190 4990.15815890645 4950.483100031292 5032.299034059796
1497974768154 4984.506728238953 4943.049544730618 5025.019548523207
1497974770478 4984.9544580680995 4947.542184761745 5025.071762061214
1497974772510 4968.144218855477 4934.110755599311 5004.688733576367
1497974774911 4970.085440360936 4936.999217432052 5005.047337303605
1497974777150 4970.709543054392 4938.4817731958765 5005.875513454963
1497974779784 4971.4376917096015 4939.403066887228 5003.872100347821
1497974782506 4969.713516746411 4940.043168123568 5001.914064585001
1497974785151 4973.954874594691 4943.875376623377 5006.845857872356
1497974787661 4976.428924165271 4948.132479278463 5006.891266724649
1497974790421 4975.248764295509 4948.707003597947 5003.141776701909
1497974792904 4973.896214082485 4946.521183632142 5001.521296875
1497974795540 4968.110648296486 4943.382694043844 4994.39372046624
1497974798038 4970.538163128415 4945.704310282737 4995.960504982814
1497974800915 4972.282747276223 4948.927329825157 4997.007480943095
1497974803562 4976.968851877647 4954.668112826812 5002.851998132138
1497974806172 4979.669755697403 4957.598895261493 5004.762704918033
1497974808965 4984.087481842263 4960.103985544305 5007.876229969075
1497974811469 4983.282119205298 4960.013083538607 5006.970661894693
1497974813746 4987.8024379614435 4964.733884747282 5010.77349590164
1497974816527 4985.825857722709 4964.782532264288 5008.560331044046
1497974819033 4989.330983418144 4969.107584897811 5011.582322058697
1497974821386 4989.874998397799 4968.056767380569 5010.767951219512
1497974824084 4990.779276931359 4969.230186115679 5012.671596452328
1497974826216 4990.500350334527 4969.930115400621 5011.421919584955
1497974828083 4988.820751411995 4969.406322581195 5010.468829198565
1497974830650 4986.801256856747 4966.82362429013 5008.099348513079
1497974832880 4984.470697300853 4964.792896830172 5005.227729668836
1497974835395 4986.384488864775 4966.963392443963 5007.176811392731
1497974838128 4987.245430039772 4968.451643554825 5007.461340163934
1497974840615 4988.864658313718 4970.867607813339 5008.450341772152
1497974843169 4990.735989782013 4973.102449204828 5009.7278404414965
1497974845774 4989.682110209313 4971.631435537685 5009.520621218233
1497974848511 4989.2909411684295 4972.017731207289 5008.210918057385
1497974851175 4988.668529198171 4971.259656828982 5006.884568381756
1497974853614 4988.8870424797515 4971.586031062874 5008.228516346897
1497974856264 4990.746721346491 4974.127433333333 5009.8901297308885
1497974858956 4992.653532005058 4975.771771901857 5011.886332594235
1497974861606 4992.229620737678 4975.75615920569 5011.152857927112
1497974864285 4992.997765768845 4976.532206279301 5011.16554
1497974866889 4990.719988722141 4974.371216219812 5008.842671339101
1497974869496 4990.122638164443 4974.190175200633 5007.852286991013
1497974871628 4990.935846283972 4974.867750510878 5008.341562576125
1497974874178 4989.61813304171 4973.50134584429 5007.405427856791
1497974876668 4991.54743901918 4975.363854700855 5009.351208647898
1497974879216 4993.417254754541 4977.226354700855 5011.475672097224
1497974881943 4993.883542508565 4978.631768968925 5011.604379855222
1497974884615 4995.0669431937595 4980.076382283939 5012.844862081264
1497974887084 4993.999307961434 4978.865126523921 5012.145797864814
1497974889196 4993.779631259238 4978.849242327229 5010.877812432315
1497974892278 4993.501969294386 4979.079010299514 5010.368809318565
1497974894854 4992.52824732051 4978.207361683635 5008.569233606558
1497974897198 4992.620232129965 4978.306014851485 5008.661948592828
1497974899845 4994.120226749426 4979.936485148515 5010.439560824155
1497974902186 4995.310562694372 4980.396150308431 5011.550828890674
1497974904258 4995.136360723669 4979.911375901367 5011.782171089145
1497974906701 4995.524898862389 4980.82650653981 5012.106281059063
1497974909622 4998.744039609205 4983.793248811554 5014.519762777359
1497974912111 4997.422992964214 4982.493587666096 5012.734154733164
1497974914817 4997.588275499699 4983.133440828276 5013.240661159975
1497974917709 4998.895300505364 4984.2029473939565 5014.569932393328
1497974920357 4999.1552101978305 4983.947662757907 5015.0714228712795
1497974923211 5000.412010713782 4985.422137219397 5015.709813084112
1497974926356 5001.542377225659 4986.312005606862 5017.270601752254
1497974928999 5001.1793428112505 4985.814158119658 5017.033924223914
1497974931410 5001.7804168500015 4986.395858435089 5017.1906302918
1497974934124 5001.730249526877 4986.846876512441 5016.890351319617
1497974936548 5001.316815399271 4986.558509504603 5016.814418137756
1497974938775 5001.434879190731 4986.927787668889 5017.377203913469
1497974940783 5000.99370322272 4986.399477664972 5016.5798352468855
1497974943191 4999.458639486005 4985.554292749917 5014.683942929715
1497974945209 4999.43446593647 4985.334128424588 5014.741239687547
1497974947420 4999.4103190639535 4986.303586077349 5014.61453643453
1497974949415 4998.445997958076 4983.877573096241 5014.514206576572
1497974951264 5000.264619064909 4986.404435492604 5016.113625878001
1497974954109 5000.399854759819 4986.916871146278 5016.298340163934
1497974955745 5000.903219192126 4987.312273775653 5016.460800917709
1497974958029 5000.355103697217 4986.821603011708 5015.539830025939
1497974959864 4998.792680843066 4985.435959176359 5014.012902963572
1497974962181 4998.586378354365 4985.466973627724 5013.357824304863
1497974963823 4998.589099436988 4985.620245682462 5013.055144208038
1497974966569 4997.773780435711 4984.77789615644 5011.907889428585
1497974968758 4996.544281790494 4983.377919642857 5010.5167861507125
1497974970302 4996.6121313086005 4983.986530718996 5010.851873763695
1497974972497 4997.053160133957 4984.122529151588 5011.08401950559
1497974974007 4998.195570363726 4985.29359113382 5012.19724822695
1497974976331 4999.435379699794 4986.117982142857 5013.766559161112
1497974978373 4998.980829278919 4986.128426897191 5013.167775229358
1497974979876 4998.606083517009 4985.5301087935695 5012.276903669725
1497974981369 4998.220656454769 4985.094424234689 5011.852187395355
1497974984146 4998.026582089234 4985.200873806586 5011.578426605504
1497974986733 4997.401628315258 4984.128465294975 5010.881034623218
1497974988958 4997.575980863287 4997.575980863287 4997.575980863287
