1497974697703 4935.160683760684 4833.906911142454 5047.219470538002
1497974699698 4911.26618243965 4839.877964639931 4989.115882473803
1497974702149 4930.659160595475 4861.748707793211 4995.02760660478
1497974703729 4959.247357745276 4897.211945839703 5014.944170231436
1497974706427 4960.40145175064 4904.242567627891 5010.559414668547
1497974708043 4979.946570686888 4928.861660063391 5024.745708836618
1497974710431 4999.297650866301 4952.036783815647 5042.3823767693
1497974712176 5004.205059777967 4965.185220324689 5042.039218961625
1497974714546 5006.916934994832 4971.7371030774575 5046.3519987767795
1497974716417 5003.671820278466 4968.447780461397 5041.62318188634
1497974718101 5007.710433252469 4971.5818745603465 5044.004004521936
1497974720204 5015.923996190199 4981.479502112596 5049.477667793849
1497974722086 5012.600115327937 4978.578197017107 5045.301956135151
1497974723831 5008.252843615054 4976.657173054979 5037.981255660499
1497974725903 5000.75678226702 4972.28056445869 5030.643176349261
1497974728296 4997.269502970559 4970.845923036896 5025.462585476067
1497974730394 5001.495051873113 4973.27715731713 5029.685390406519
1497974732780 5002.98977456198 4974.5544715666565 5031.284024258687
1497974734767 4999.608423210815 4971.873723876101 5027.889152341434
1497974736871 5003.0290455545355 4977.330049153468 5028.923935871577
1497974739090 5005.499090186832 4977.354284932329 5030.540516896008
1497974741546 5007.901756843918 4979.285771867949 5032.899927640804
1497974743832 5006.257751598587 4978.224606387765 5031.140726512626
1497974745985 5003.006907186549 4976.494950991069 5026.919020130496
1497974748238 5000.983272105937 4976.5861684633655 5025.2610430009145
1497974750643 5001.151345578813 4977.219844966706 5024.948719461074
1497974753290 5001.215510465613 4976.9588715953305 5023.567621111667
1497974755515 5002.025262708245 4977.264369905766 5024.264446311377
1497974757996 5002.6612457442125 4979.027216691994 5024.319503557326
1497974759945 5003.426339171294 4980.017230742112 5024.676170568562
1497974762355 5004.0897211911 4981.9604693116435 5026.294389908257
1497974764721 5003.378799075621 4982.237520366455 5024.281589755979
1497974767659 5003.145168731311 4982.011719294577 5023.627919174549
1497974769955 5002.043985476293 4979.685329868916 5022.7458125537405
1497974772280 5003.875182612707 4982.102549262156 5024.810466870383
1497974774611 5003.229926056293 4981.79426706501 5023.2604402712395
1497974777045 5003.041935607889 4980.967216139747 5024.043949541285
1497974779610 5002.556386159761 4981.23293512697 5022.784114079125
1497974782365 5004.416276506672 4984.361246117303 5024.776385258307
1497974784769 5006.8740868896575 4987.403283711957 5026.684559559027
1497974787440 5005.73973351788 4987.049559968176 5024.617851058126
1497974790351 5003.892380053229 4984.571932429162 5022.264651162791
1497974792721 5003.759450788402 4985.88078240416 5023.161013240701
1497974794955 5002.522404637711 4985.284178091646 5022.287403306341
1497974797699 5001.971800962039 4984.633082014543 5020.7808068569375
1497974800372 5003.032948725068 4985.699083870544 5021.530209386479
1497974802962 5002.59982485743 4985.4284750277075 5020.783307028981
1497974805972 5001.880229135785 4984.920276261557 5020.192955402473
1497974808180 5004.174604869714 4987.7951967799645 5022.972611953813
1497974810959 5002.698567291181 4985.35635483871 5021.0393573812335
1497974813489 5001.294739809823 4984.856653225806 5018.743102288742
1497974815710 5001.269865611838 4985.376000679791 5018.7662886627995
1497974817971 5002.827092304012 4986.340900953128 5020.099647670293
1497974820230 5002.803879604949 4986.374908224769 5019.951072868062
1497974822520 5002.753492127229 4986.118254032258 5020.232403551899
1497974824763 5002.40423750534 4985.099653225807 5019.710873295792
1497974827286 5001.180299017514 4983.698707874978 5018.008444266989
1497974829856 5001.982934570417 4985.171495843914 5018.861600839149
1497974832624 5000.5974728856345 4984.392569850687 5017.242588930741
1497974835108 5000.609365188529 4984.359372738239 5017.049380733945
1497974837598 5001.280276461869 4985.5942201422495 5017.92134258748
1497974840423 5001.052037368486 4985.391606392934 5017.158265500447
1497974843068 5002.661671671629 4988.098714797455 5018.817814702517
1497974845774 5002.47188025937 4987.0213262579255 5018.753368356792
1497974848511 5001.82514832961 4986.814443236659 5018.400269626681
1497974851286 5000.725722535945 4985.29255268473 5016.826053775309
1497974854159 5001.422619861259 4985.678932776952 5017.158104931345
1497974856596 5000.572588017189 4985.5298149532555 5015.916344931921
1497974859439 5000.327277620203 4984.7141949621055 5014.993871079127
1497974862123 4999.809493297793 4984.640400964345 5014.3828486238535
1497974864533 5000.108316033182 4985.07218409056 5014.80742286919
1497974867181 5000.280942312211 4986.512664333276 5015.057284154993
1497974870006 5001.224184329907 4986.5136919642855 5016.20329575842
1497974872078 4999.7896472477805 4984.9890535714285 5013.885183937893
1497974874782 4999.810139343352 4984.827261274011 5013.5951237124345
1497974877361 4999.267580244171 4983.850123376809 5012.94548815672
1497974880313 4999.76099205044 4985.1479064454115 5013.5785567824405
1497974883097 4999.836826142674 4984.985523332253 5013.665104319386
1497974886021 4999.237542770001 4984.044577825413 5012.926610851365
1497974888532 5000.057030696022 4985.060517094017 5013.946773366509
1497974891499 5000.497787308205 4985.581362636613 5014.227946545932
1497974894267 5000.0413066043575 4985.465984175266 5014.083910216069
1497974896550 4999.596946643144 4985.09750316409 5013.562464038651
1497974899387 4998.756389281641 4984.416358974359 5012.735587950456
1497974901807 4997.550893829692 4983.386269630497 5011.154602020202
1497974904131 4997.769995386666 4983.848495165464 5011.76530147277
1497974906581 4997.400675773808 4983.228120132714 5011.492800748771
1497974909783 4997.935147926972 4984.202299821984 5011.715634127594
1497974912265 4997.01208874764 4983.507197122949 5010.679542738239
1497974915025 4996.699911150599 4983.14258974359 5009.969634590401
1497974917793 4995.888400504047 4982.544735042735 5009.451605394674
1497974920686 4995.290018196885 4981.382794983931 5008.582681441859
1497974923847 4995.871199921404 4982.480004273504 5009.305182892112
1497974926624 4996.8310473416 4983.411802850537 5010.45922631422
1497974929266 4996.598516917478 4983.295010183725 5010.08682688391
1497974931818 4996.63483635618 4983.152555555555 5010.18736940457
1497974934195 4996.819554556949 4983.508071378729 5009.855042334442
1497974936751 4997.175826335079 4983.975655148763 5010.47898630633
1497974938965 4997.244844171821 4984.489777777778 5010.58034870774
1497974940912 4997.575980863287 4997.575980863287 4997.575980863287
