1497974761991 4908.604611443211 4789.7430303030305 5035.249566724437
1497974764356 4928.324151185137 4848.62752668635 5014.5327868852455
1497974766919 4936.957283212302 4867.692171605484 5006.611562782295
1497974769191 4953.749492792312 4897.515269522443 5013.931680713931
1497974771467 4985.426997009825 4936.736754353465 5038.178396624473
1497974773981 4982.221749421104 4934.105195456605 5030.292268816223
1497974776410 4989.074357605144 4948.060774481967 5033.443961427279
1497974779294 4992.811950437941 4956.632982154375 5032.162207034534
1497974782066 4998.546298867466 4964.813731213284 5040.497554062476
1497974784405 5002.513542378674 4969.714013921113 5041.608989624086
1497974786990 4999.214125800029 4969.030431332194 5040.265655039541
1497974790151 4998.438222602008 4969.374710784314 5038.742839451651
1497974792234 4994.905240850089 4964.621891175357 5033.180463400224
1497974794583 4999.700539168774 4971.271572016461 5035.25837557438
1497974797766 5006.925666438824 4977.679296717615 5040.53836095029
1497974800449 5005.714548763607 4978.332917543597 5035.968822695036
1497974803280 5007.593017294415 4981.336104649432 5037.18737835495
1497974806171 5003.645224962724 4976.558958803845 5032.847328275698
1497974808485 5001.320441611266 4974.147726858287 5029.738626636799
1497974811109 5004.796227463044 4978.594015482555 5032.5074828263005
1497974813438 5005.443824449268 4979.021923420673 5031.915277408738
1497974815644 5001.805652638325 4975.897350307125 5029.057445906511
1497974817773 4997.780424342893 4973.053781463185 5024.992096488701
1497974820008 4999.155847595936 4975.87121559633 5024.795352459017
1497974822261 5003.025223439342 4980.75499495836 5028.80700664028
1497974824758 4999.77310576122 4977.841553864916 5025.990359455216
1497974827286 4995.805106252083 4973.689270103093 5020.921960455224
1497974829561 4994.502262134139 4973.971410040899 5018.166956723038
1497974832327 4992.889927030999 4972.862096573929 5016.92976595902
1497974834760 4991.245978818573 4971.249690160863 5014.4140381924435
1497974837198 4990.805621299247 4971.0543698244965 5012.926068317769
1497974839876 4989.137005613514 4969.93691382284 5010.290659426046
1497974842289 4989.343449619358 4970.463151857408 5010.464230248307
1497974845107 4991.120013841835 4972.136234836265 5012.811291129709
1497974847656 4992.565301161583 4972.542727315879 5014.316812046644
1497974850064 4992.259492481203 4972.646160165421 5013.248791397849
1497974852386 4990.512843844652 4971.188370566533 5011.0145297890895
1497974854361 4991.076916176106 4972.412502033442 5010.85919568862
1497974856701 4992.7286230583895 4973.8756767001905 5012.25317229921
1497974859321 4993.041053463486 4973.058809670941 5013.033935483871
1497974861716 4993.646302443109 4974.3437866481345 5013.399167624044
1497974864154 4993.978482451044 4976.719908714381 5013.358400097111
1497974866669 4995.843775364609 4977.4705880021875 5014.797522575162
1497974868928 4994.567228003622 4976.93482597714 5013.548116609645
1497974870935 4993.7439552646865 4976.862629600774 5013.218590810511
1497974873156 4995.610100561332 4979.697051330243 5014.916476477486
1497974875365 4996.831499985048 4980.3969516326315 5015.351702029596
1497974877629 4996.994096363411 4980.006525100036 5015.129573627227
1497974880406 4996.69617722568 4980.215438626174 5015.035793544049
1497974883001 4996.528270453147 4980.196720626806 5014.64310679287
1497974885732 4995.400530560634 4979.006739360251 5013.861408229716
1497974888305 4994.593890436238 4978.7068964719065 5011.985424430642
1497974891274 4994.3373389494545 4978.951098915212 5012.193400762586
1497974894065 4994.987013430847 4979.204468395431 5012.708486300904
1497974896265 4995.970395875073 4979.918635046313 5014.031528003609
1497974898917 4997.028164742169 4980.913634792327 5014.984149734778
1497974901740 4996.474054518192 4981.234361612832 5013.897718296911
1497974903964 4997.137188896389 4981.563090412484 5014.377337474833
1497974906468 4998.386011004597 4982.538854312096 5015.1636306028095
1497974909535 4997.803744745565 4982.812893242621 5015.21128182933
1497974911973 4996.740363543157 4980.9924027757415 5014.076385755515
1497974914403 4998.12499733003 4983.2221125241385 5014.9923511167635
1497974917175 4997.31349723391 4982.210058571517 5013.983275749159
1497974919703 4998.943785857395 4983.855544252289 5015.495332381844
1497974922506 5000.000542540285 4985.46250550029 5015.90271559633
1497974924390 5000.098557794999 4985.668064522498 5015.462990033794
1497974926824 4998.833727775262 4984.697716545477 5014.147420738996
1497974929534 4998.777587915655 4985.104674395464 5013.884394495413
1497974931884 4998.759130074459 4984.819796404592 5014.284518619255
1497974934463 4998.957879448076 4984.88543693427 5014.314623588737
1497974936819 4999.361173409886 4985.5057073422195 5014.946587709238
1497974939028 4999.461238770201 4985.056031121662 5014.891758054829
1497974940959 4999.580077832979 4986.047661341721 5014.942553550808
1497974943361 4998.3193216284335 4984.731501496688 5014.057277831028
1497974945183 4998.214277475661 4984.515025493738 5013.495380184792
1497974947611 4997.99753508341 4983.781365130257 5013.116219291786
1497974949673 4996.784242610654 4982.664025565631 5012.175717480119
1497974951748 4996.404252228853 4982.364309494477 5012.195105856244
1497974954300 4995.842373265098 4981.740768469406 5011.308809069845
1497974956074 4995.586098627889 4981.380691813418 5010.736640315484
1497974958085 4996.785175122707 4982.578013338706 5011.623054004205
1497974960020 4997.045819396564 4983.304384869506 5012.742075316026
1497974962247 4996.0182531952705 4982.488841045545 5011.317145330572
1497974963864 4996.133236506546 4983.099327731093 5011.234594355625
1497974966494 4995.996172526773 4983.077068376068 5011.275225128596
1497974968671 4996.2205453295 4983.293797872767 5010.8722894425755
1497974970136 4995.5927859272615 4982.921604932425 5010.39256880734
1497974972191 4996.517607859889 4983.6531202046035 5011.080198554009
1497974973832 4996.853903066237 4983.687473093143 5011.833225718042
1497974975736 4995.876437419906 4982.8233273703045 5010.884305582653
1497974978116 4995.045493378898 4982.898799357946 5009.22620768527
1497974979625 4995.183169585647 4982.556055935181 5009.589988301521
1497974981173 4994.718089355359 4981.768121154835 5009.530205265506
1497974983489 4994.537043998292 4981.7081729198335 5008.54320938278
1497974986172 4994.784008679977 4981.802415704388 5009.009819474109
1497974988301 4995.954814954038 4982.34691025641 5009.8487433311475
1497974989820 4996.860019478522 4983.400809803242 5010.746068461282
1497974991240 4997.644242064391 4983.882644717966 5011.487345391074
1497974992704 4997.880936514853 4984.762155564695 5011.553744163851
1497974994146 4997.575980863287 4997.575980863287 4997.575980863287
