1498507407709 5029.135578030982 4995.7883888127 5065.052438593391
1498507408126 5009.9384454543515 4982.279026409064 5033.166125505268
1498507408603 5006.531875591255 4989.309902922979 5025.401357392111
1498507409068 5005.934445120195 4988.311943875931 5028.8703734384835
1498507409578 5005.008766688292 4990.2152889116915 5021.373629395387
1498507410046 4998.1789877456395 4984.756890497235 5011.807423431862
1498507410641 4997.630770707976 4984.119022482177 5009.115391088629
1498507411113 4994.190228531847 4981.738285214417 5006.884661168545
1498507411566 4994.079582567218 4981.637540469679 5006.945135964716
1498507412039 4993.573333390242 4981.074320992164 5005.279292853419
1498507412588 4994.318965881499 4982.7449011524905 5004.448071099925
1498507413101 4993.015873686619 4981.695394734832 5002.013754595708
1498507413499 4992.612893504844 4982.875616028251 5002.258549313949
1498507413987 4994.346286000595 4986.280776402545 5003.070537649155
1498507414463 4996.6332660883345 4988.604493626542 5004.783825076746
1498507415004 4994.706009858523 4984.893856023741 5002.669850070356
1498507415670 4996.569160441264 4987.674457576609 5004.776685286131
1498507416045 4994.153091441845 4986.223012978637 5001.824160425065
1498507416369 4994.211521473241 4985.966456063889 5000.773633211841
1498507416707 4995.170235374699 4985.932756697009 5002.407782911281
1498507417044 4996.108657345982 4988.170976059247 5003.025969874101
1498507417466 4996.592728458327 4988.337658166253 5002.667884892722
1498507417846 4997.639804832083 4990.278296761227 5003.124033883113
1498507418244 4997.448507433386 4990.8058595078 5002.821237900521
1498507418567 4998.674522657244 4991.861080894326 5004.3014816982295
1498507418906 4998.771759851793 4992.064590902536 5005.844908799446
1498507419462 4999.4442124185225 4992.961535583722 5006.45532269698
1498507419969 5000.005447393432 4993.633418787636 5006.633714115928
1498507420538 5000.324648925705 4994.112570366026 5006.339841358521
1498507421142 5000.170235530046 4993.736715464974 5006.508847383976
1498507421720 4999.173761519729 4993.000704789284 5004.816072188327
1498507422266 4999.221065241588 4993.053080900497 5004.981934319378
1498507422707 4999.49590983892 4993.595969474449 5005.354350160977
1498507423182 4999.43412269647 4993.829525234266 5005.007495797953
1498507423712 4999.481549668258 4994.639553666416 5005.183929057216
1498507424246 4998.347891305972 4993.820694526975 5003.985472493831
1498507424942 4998.550212694045 4993.59732947828 5004.357728616637
1498507425489 4998.481535583305 4993.439941477262 5003.971855717716
1498507425886 4998.938287483646 4994.289968778403 5003.903618708412
1498507426266 4999.170737411062 4993.827191094885 5004.158730413643
1498507426604 4998.748580641417 4993.41536447837 5003.05841757202
1498507426943 4998.699457217757 4993.114122391435 5003.191588457069
1498507427287 4998.538991922905 4992.567690395865 5002.932331341209
1498507427634 4998.856311611829 4993.207338018305 5003.29302987315
1498507427989 4998.429057431984 4992.945491801193 5002.904708400082
1498507428319 4999.064173366284 4994.19066758847 5003.320008471304
1498507428652 4998.655803354244 4993.786619786183 5003.147686744742
1498507428983 4998.769255815899 4993.9824851571675 5002.964916780092
1498507429325 4998.987141474506 4994.199667568404 5003.014871790383
1498507429679 4999.222394909178 4994.033767810334 5002.88464612107
1498507430026 4999.263884947471 4994.1474334873 5002.9357298300365
1498507430534 4999.090485599307 4994.136608105534 5002.375833083867
1498507430877 4999.496428964647 4994.091499965018 5002.818144020559
1498507431247 4999.928938110994 4994.4623707235205 5003.6328286287635
1498507431690 4999.259666810631 4993.835017447223 5002.723668064092
1498507432124 4999.132509465785 4993.795137240686 5002.369316882027
1498507432573 4998.780175616418 4993.438950868884 5002.002467161412
1498507433031 4998.488834167316 4993.692022393225 5002.090296989662
1498507433452 4998.628257823706 4994.246877873413 5002.359391818989
1498507433891 4998.943662578926 4994.770205660707 5002.773693299983
1498507434339 4998.968044745379 4994.473603457552 5002.755731198423
1498507434812 4998.939292873296 4994.548279399981 5002.939908822959
1498507435266 4998.990926588199 4994.358302977671 5003.452030444665
1498507435707 4998.6673130761355 4994.276150010814 5002.5954492045985
1498507436151 4998.786155652356 4993.824819271984 5003.1045434283105
1498507436635 4999.1171187549535 4994.603570581816 5003.610176466722
1498507437096 4998.909838640156 4994.329696706992 5003.151621529627
1498507437863 4998.839855206061 4993.764657018024 5002.540272946896
1498507438401 4998.734094395947 4993.650309414159 5002.262743349933
1498507438922 4998.6757189521 4993.418461848927 5001.981144062304
1498507439522 4999.050852260603 4993.559332095669 5002.652666179383
1498507440037 4999.0406235129685 4993.820383528223 5002.570503128137
1498507440535 4998.715260345227 4993.677083338047 5002.155438440207
1498507441054 4998.714793762054 4993.597068655647 5002.150134141682
1498507441631 4998.394089439416 4993.101942415314 5001.685215995785
1498507442137 4998.446135593003 4993.051056395292 5001.837449377188
1498507442862 4998.197479565428 4992.856001893181 5001.543710018644
1498507443499 4998.151436453666 4992.991223497642 5001.694550983199
1498507444084 4998.0566603032175 4993.13667791232 5001.768051082629
1498507444543 4998.209798145685 4993.289286680426 5001.88896885289
1498507444958 4997.714189139013 4993.082754194799 5001.457657547389
1498507445379 4997.620795100508 4992.78221540678 5001.293539809627
1498507445821 4997.487867355213 4992.684113831859 5001.22468756445
1498507446241 4997.712518815973 4993.216570746737 5001.342463949088
1498507446836 4998.100805062809 4993.553321173641 5001.7115011326
1498507447313 4998.31147305197 4993.956071702493 5001.948975007008
1498507447760 4998.419232596243 4993.931032813204 5001.961713666968
1498507448348 4998.137068760582 4993.423084706141 5001.868210560844
1498507448989 4998.0004545375 4993.047199137078 5001.43547078985
1498507449609 4998.080461163339 4993.11622136413 5001.56829834608
1498507450225 4998.427907032326 4993.708255896909 5002.042136993853
1498507450848 4998.459090864472 4993.9134323308845 5001.752760198869
1498507451461 4998.522970987834 4993.817766949562 5001.616670284538
1498507452191 4998.3509876115895 4993.729102458202 5001.404366261402
1498507452690 4998.461807668768 4993.401084175013 5001.40192893741
1498507453135 4998.202214979988 4993.414053057573 5001.268493725227
1498507453608 4998.109769739412 4993.645307156927 5001.085718296666
1498507454044 4997.939277216419 4993.666614081282 5000.759056199832
1498507454489 4997.775264167387 4993.61302534624 5000.689848788778
1498507454953 4997.577122127142 4997.577122127142 4997.577122127142
