1497891874920 5011.816067653277 4987.074054489021 5034.887502375372
1497891878199 5001.499471475704 4982.20667253092 5020.3050799180555
1497891881769 5003.402433778859 4988.347565901606 5017.675393145387
1497891885748 4999.766472500894 4984.929106095046 5013.397328457778
1497891889839 4996.716621462894 4984.258529315069 5008.347247192838
1497891893956 4994.426191040632 4982.50869516179 5004.940529208557
1497891898648 4994.58443271007 4983.364256528429 5004.0749811951955
1497891902563 4996.940218174828 4986.633176793086 5006.215994741567
1497891906905 4997.634107974126 4987.447277854475 5006.085486344134
1497891910997 5000.223146868532 4991.208019579975 5008.481939997725
1497891914911 5001.582371854363 4992.7164800433575 5009.744836406041
1497891919085 5002.142206196903 4994.307193774184 5009.280043685232
1497891923423 5002.060571575035 4994.737925677176 5008.946038009159
1497891927409 5001.405054519915 4994.635276198414 5008.103559385475
1497891931166 5001.121786968446 4994.446413156457 5007.443752136775
1497891935406 5000.199590653818 4993.647453290334 5006.606212702662
1497891939639 5000.0011470567315 4993.67646042633 5006.229163383351
1497891943612 4999.129481348389 4992.891942120717 5005.037619232984
1497891947889 4999.8279733991485 4993.803033206047 5005.71221195979
1497891952127 4999.7148048752615 4993.491024455045 5005.363539694256
1497891956128 4999.936594705535 4994.156583013226 5005.370356416686
1497891959997 5000.393978570872 4994.755274547073 5006.031889785676
1497891964023 5000.250373294119 4994.813581588272 5005.655856153485
1497891967915 5000.398017928351 4994.519884295587 5005.309140136735
1497891971599 5000.021134624405 4994.232161749247 5004.946922389294
1497891975643 4999.704128977772 4994.021030291678 5004.58730733081
1497891979605 4998.973920165909 4993.722936503907 5003.761856502479
1497891983666 4999.772925485325 4994.7366493555 5004.43400431702
1497891987963 4999.748864974888 4994.819918174344 5004.505229394982
1497891992356 5000.625026243381 4995.559561256034 5005.380218698379
1497891996387 5000.524923171947 4995.357898838974 5005.237477362442
1497892000426 4999.869732409578 4994.9599278631695 5004.474072597348
1497892004609 4999.543987884294 4994.513407812834 5004.136928309192
1497892008777 4999.623967194558 4994.677685972027 5004.01980777796
1497892012807 4999.571090022088 4994.643208071303 5003.860791877629
1497892016723 4999.175473191931 4994.46274305672 5003.202204084561
1497892021117 4998.862047409236 4994.04773322439 5003.007258575938
1497892025689 4998.151492234971 4993.4677337884505 5002.238007093579
1497892029668 4998.160520303937 4993.527491051338 5002.287961216452
1497892033697 4998.283736843173 4993.573180896501 5002.549187658965
1497892038005 4998.13572358791 4993.520980741767 5002.320533983659
1497892042258 4998.4404644902925 4993.894725013668 5002.502901788388
1497892046941 4998.4256786410115 4993.973079054581 5002.413916670078
1497892050782 4998.292459104201 4993.97366965871 5002.2331271550465
1497892054917 4998.484450396877 4994.374115887837 5002.480838630562
1497892058851 4998.386618377029 4994.46477592632 5002.301256369544
1497892062870 4998.292958215736 4994.212112851274 5002.10602157088
1497892067025 4998.557571557325 4994.544266479612 5002.372560778501
1497892071136 4998.651704677117 4994.700257397803 5002.461177384471
1497892075241 4998.809046644948 4994.866048933043 5002.492475337068
1497892078914 4998.859508728407 4994.983668963091 5002.630409109658
1497892082717 4999.005274515273 4995.128374096529 5002.688812430733
1497892086549 4999.170626786261 4995.251917480449 5003.0213638758405
1497892091108 4999.237833193478 4995.420293583765 5002.906317096227
1497892095691 4999.610309573389 4995.729634181359 5003.182640855714
1497892100280 4999.619200078252 4995.712815349429 5003.208835199902
1497892104710 4999.503608924025 4995.784093299906 5003.074769206896
1497892109113 4999.563365391844 4995.8413371184 5003.161126750218
1497892113371 4999.316110672105 4995.666984847502 5002.955448663176
1497892117686 4999.1009585033 4995.5681787847625 5002.525514934519
1497892121669 4998.974933563307 4995.391030341112 5002.538170590489
1497892125899 4999.403999905174 4995.860666840443 5002.85099757373
1497892129836 4999.666029214584 4996.30340050859 5003.0220612184485
1497892134011 4999.48511069905 4996.100427360531 5003.003494386856
1497892138813 4999.646274496906 4996.287004684091 5003.029228585511
1497892142505 4999.514640502607 4996.348305783267 5002.816202242377
1497892145831 4999.899341437134 4996.603881395819 5003.148732054489
1497892150135 5000.0336765991415 4996.749643542875 5003.225099347706
1497892154782 4999.885180456462 4996.6931377346045 5003.105157590278
1497892159442 4999.564296525917 4996.317668454997 5002.799826914569
1497892163618 4999.752907249927 4996.523620231693 5002.831367091204
1497892167378 4999.53378633374 4996.44152786976 5002.704355193392
1497892172129 4999.590923099826 4996.409768890103 5002.687392259078
1497892176531 4999.521373328116 4996.330726838139 5002.731164362728
1497892180913 4999.191175748194 4996.032833577785 5002.340960714939
1497892185612 4999.225840238096 4996.129106355696 5002.364576587197
1497892190002 4999.176472711437 4996.196037463808 5002.2836001483065
1497892194579 4999.2549237498215 4996.241952196366 5002.342469214232
1497892199336 4998.976412804435 4995.9561952202685 5002.023639654925
1497892203427 4998.925622385282 4995.991831772166 5002.000659863862
1497892207565 4999.016437968215 4996.126223026194 5001.965990872519
1497892212049 4998.699710751859 4995.847189507828 5001.654053279448
1497892215616 4998.664214862848 4995.8781745325205 5001.613035647169
1497892219664 4998.620518932149 4995.855820573903 5001.549935247216
1497892223395 4998.703050890897 4995.98361261772 5001.584348094649
1497892226887 4998.586379307325 4995.828944329208 5001.444183479973
1497892230036 4998.248150709537 4995.57778541009 5001.031664312094
1497892233514 4998.15830970742 4995.428220461342 5001.070145363864
1497892236936 4997.979260065502 4995.273492034281 5000.686036783873
1497892240107 4997.99279454918 4995.242988218366 5000.804672292517
1497892243078 4997.777178864939 4995.120053142218 5000.496948085709
1497892245786 4997.963393705565 4995.295091331815 5000.698703785051
1497892248701 4997.987135053742 4995.382130413678 5000.656392963575
1497892251621 4997.802090926624 4995.238107557201 5000.5087216454785
1497892254760 4997.650505126015 4995.0617898989885 5000.234548322752
1497892257678 4997.410035384353 4994.912692274877 5000.009905771584
1497892260364 4997.349084478314 4994.790318681045 5000.0360224323795
1497892263164 4997.433902203826 4994.905353015641 5000.146046672547
1497892265536 4997.580656081393 4995.099307969634 5000.196057315558
1497892268595 4997.575980863287 4997.575980863287 4997.575980863287
