1497887051550 4932.516239316239 4792.27551448971 5076.531737773153
1497887054106 4961.331196581196 4873.726493799323 5053.908937960042
1497887056473 5012.178479931682 4945.982097222222 5078.357559960542
1497887059300 4997.768547264747 4947.920811264695 5050.029545454546
1497887062666 4994.051156812339 4948.497188378632 5038.902511745573
1497887065479 4997.328621575342 4950.073347107438 5042.8439060736055
1497887068759 4995.091697539457 4941.839750260146 5042.8227361246345
1497887071952 4997.161118058172 4949.661969283558 5044.193239269857
1497887074963 4999.919225025779 4956.660673791822 5042.675692307692
1497887078139 5003.264450434262 4961.967872615765 5043.560143296743
1497887081818 5003.828947199644 4963.622009259259 5043.026615384615
1497887084866 5001.584361753043 4960.724458333333 5041.424366875301
1497887088884 4997.752941729605 4959.646446071684 5035.014903599732
1497887091781 5000.925583761554 4966.679692593149 5036.006479368966
1497887095148 4997.753958618331 4967.516541666667 5031.7731536774445
1497887098760 4999.296089218314 4970.649470467711 5027.48386490718
1497887102048 4998.337068567619 4972.892810185185 5024.302509086132
1497887105665 5002.420008119485 4976.561833333333 5029.490538939356
1497887109689 5004.738695700477 4978.931396551724 5031.487963254869
1497887113484 5005.846019060644 4981.6753125 5031.693422922236
1497887117302 5007.2402983160955 4980.325725266551 5032.501097014631
1497887120775 5008.203228756271 4979.350608934304 5035.70761136393
1497887124470 5009.105243143237 4983.140137594449 5036.34917775082
1497887127979 5009.958167254085 4983.410197916666 5035.223217438332
1497887131963 5006.200854262771 4981.317982101897 5031.483972125436
1497887135825 5004.112232956632 4978.281467760893 5028.489857954545
1497887139736 5005.117113962109 4981.223817868911 5028.390586634182
1497887143288 5004.099082365098 4979.442669329339 5028.308617482361
1497887145983 5005.864143080989 4982.155419660109 5028.934842587292
1497887149029 5003.427105748539 4979.54672448568 5024.862418766071
1497887152856 5002.302550748148 4978.669861726623 5023.336466203973
1497887156924 5000.189584507403 4978.437264533792 5020.450013179199
1497887160956 5000.621014022443 4979.421213283001 5020.79499795191
1497887164910 5000.679968403749 4980.810278092581 5020.4652451173615
1497887168844 5001.899281896272 4982.890340380656 5021.760804877693
1497887172659 4999.532931728622 4981.404398148148 5019.504874990643
1497887176756 4996.636190150917 4976.9955347892055 5016.254861782962
1497887180946 4998.173463288848 4979.203826374967 5016.935581563576
1497887185097 4998.823958124303 4979.931842451595 5017.650411855956
1497887189338 4999.676553226013 4979.45238934273 5019.2812279028
1497887193165 5000.618037792249 4979.440227979877 5020.930938346005
1497887197011 5001.982025418083 4980.893565217391 5022.990290119738
1497887201162 4999.5034120219325 4980.581417278374 5019.750755960668
1497887204989 5002.5369478323255 4983.6539063536275 5021.125017060831
1497887208635 5006.364885235401 4988.351663547611 5024.72298348365
1497887212795 5006.397663266047 4988.580934786625 5023.733483800839
1497887216591 5007.342911435648 4990.05889892716 5024.892392043523
1497887220722 5008.880341624853 4990.209844691217 5027.032755434782
1497887223488 5010.318788406763 4991.989498646682 5028.406112068966
1497887226770 5008.615151385746 4991.876128791181 5026.599629310344
1497887230574 5006.960894999786 4990.563670757931 5023.434148052696
1497887234660 5006.901630244494 4991.211612691694 5023.045245820074
1497887239105 5008.211330455242 4993.101150114089 5023.7412420111505
1497887242833 5007.0854507803 4991.563922492 5023.355377328226
1497887246695 5003.759374452988 4988.085394586053 5019.393795744016
1497887250272 5002.131681304089 4987.386808724645 5016.421385869565
1497887254146 5002.191762515904 4987.039092357381 5017.220750700496
1497887257687 5001.654079027148 4987.035954353603 5015.642163043478
1497887260902 5001.654912978873 4988.408446051958 5014.880069997375
1497887264124 5001.3532222321855 4988.2180724412465 5014.547176724138
1497887267515 5001.383565387062 4987.592869082235 5014.77962401301
1497887271203 5002.902656340722 4989.470584821429 5016.3094920577305
1497887275105 5003.0673090469745 4989.324765714435 5016.721107576442
1497887279264 5002.596580357334 4988.6976954680395 5016.765392241379
1497887283845 5002.575234273272 4988.426259623919 5016.476590517242
1497887287859 5002.981647185389 4989.42846323267 5016.237005570083
1497887292626 5002.260069506708 4988.643197444931 5015.554468391224
1497887296725 5001.893512825768 4987.612741481713 5016.347955845684
1497887301063 5000.109972677596 4985.852882039311 5014.477835753999
1497887304948 5000.018629351046 4985.815043242467 5013.810324129652
1497887308466 4999.977242845434 4986.192828194934 5013.961736742572
1497887313008 4999.918682181793 4985.962876406253 5013.78418522241
1497887317028 4999.815233818017 4985.733759617969 5013.731996068402
1497887321667 5000.219236450888 4985.902363600978 5015.1198836206895
1497887326276 4999.478409925372 4985.118425068675 5013.447012996932
1497887330107 4999.909404511844 4986.266642502254 5013.311388545897
1497887335151 4999.894093234161 4986.401001741775 5013.402897908668
1497887339419 5000.530302189239 4987.530182925721 5013.737763542509
1497887343889 5000.292531182346 4987.097521622483 5013.821224137931
1497887347985 4998.550300835678 4985.4414057411195 5012.285259633847
1497887352501 4999.531612324643 4986.780038658448 5013.651141140098
1497887355756 4999.751943115818 4987.129762115316 5013.542858920129
1497887359632 4999.083854353508 4986.350882213735 5011.946912517884
1497887363243 4999.2592540392325 4986.9190625870715 5012.134226761366
1497887366832 5000.091621180672 4987.3249799701 5013.574379310345
1497887370915 5000.301494488034 4987.7217947606005 5013.772495689655
1497887375482 4999.611831736663 4987.43639148331 5012.587963477681
1497887380179 4999.061367616281 4986.668918550308 5012.382556875547
1497887384991 4999.419308960451 4986.953378048522 5013.036599271189
1497887389456 4998.853488630345 4986.1499722222225 5012.102986821592
1497887393492 4998.639236992047 4985.289705903802 5011.6322121527155
1497887397470 4997.858202070592 4984.446201209369 5011.235555820026
1497887401354 4998.165705694932 4985.093464832926 5011.393838178244
1497887404630 4997.704053130606 4984.512545325904 5011.40858216082
1497887407440 4998.77568305194 4986.097152777777 5012.51128343727
1497887410475 4998.995544981591 4986.591825546913 5012.414474276642
1497887413415 4999.355258155598 4986.997505561624 5012.9613715094865
1497887416746 4998.1795554150685 4985.48821302289 5011.643063628597
1497887420194 4998.19150299437 4985.218196134416 5011.4966561054
1497887422980 4997.575980863287 4997.575980863287 4997.575980863287
