1498510437487 5003.18836565097 4967.69513490546 5039.499623877163
1498510440173 4984.764685814196 4959.323094720466 5010.329652089235
1498510443206 5001.815933273604 4981.45605130649 5021.500343082597
1498510446742 5002.31474290591 4985.813704764384 5021.538007822357
1498510450119 4997.1280598135945 4980.355416293643 5014.50427245864
1498510454041 4994.397515472289 4979.144576018081 5009.772829447047
1498510456743 4996.549230345817 4983.375908714333 5010.76756318693
1498510460005 4995.343057674051 4981.942084052525 5008.092296874523
1498510463266 4996.346018936232 4983.328174017581 5008.046963261619
1498510466634 4995.446874066487 4984.498296048858 5006.131210877956
1498510469746 4995.983518755689 4985.554275942562 5006.21048409776
1498510473327 4992.754545861918 4983.016665706284 5002.600098957309
1498510478200 4993.156073804366 4983.29640644576 5003.030510519671
1498510482831 4995.360671862964 4985.4332919027775 5005.596362261118
1498510485904 4996.08349236967 4986.470729346357 5006.219054718462
1498510489390 4995.35007384768 4986.233513081863 5004.791107865976
1498510493688 4995.5581878452285 4986.905486141329 5004.379354702194
1498510496908 4994.983664566931 4986.898699344086 5004.300597623706
1498510501291 4994.8776565101725 4986.819243925709 5003.120414658314
1498510505379 4995.1825480816415 4987.235204816737 5003.247101321825
1498510509441 4996.46538149361 4988.340974606396 5005.065046439493
1498510513698 4996.085645275547 4987.915448096134 5003.765571996362
1498510518792 4995.767470592152 4987.951373074128 5002.686795425774
1498510524070 4995.791441150603 4988.525962637075 5003.067782374465
1498510529041 4995.190092604446 4988.048253077373 5002.638922536545
1498510534281 4994.448144740301 4987.876901466654 5001.567541797973
1498510539189 4995.335511145765 4988.6092993702 5002.562732619501
1498510542970 4995.0908894199065 4988.3776492308825 5001.858726776368
1498510547240 4995.656660757071 4989.13725138826 5002.101015119339
1498510551083 4995.068766991161 4988.843350570057 5001.799360116239
1498510555626 4996.215290750104 4989.96936601618 5002.548665386944
1498510559860 4996.290242526357 4990.30544437932 5002.582421260841
1498510563796 4995.968716178152 4990.206217871826 5001.971065495034
1498510568437 4997.351524894685 4991.512309382475 5003.197082626636
1498510573943 4996.885690666635 4990.850712567821 5002.842301596723
1498510578227 4996.867936284661 4991.109571218008 5002.473903993971
1498510582953 4997.4266231748725 4991.653443930088 5003.092970111396
1498510587537 4997.357357313782 4991.65055500155 5002.747800728337
1498510591552 4997.811308329567 4992.365440284902 5003.260470569507
1498510596111 4997.6760490164115 4992.324534013252 5003.39581130566
1498510600843 4997.416483143152 4991.887002064404 5003.016369887954
1498510605206 4997.802687046072 4992.22035209733 5003.307740670393
1498510609388 4997.586253505594 4991.906374751879 5003.083574937001
1498510613573 4998.13492829011 4992.580306631632 5003.8051788533785
1498510617428 4997.548791667663 4992.052487475719 5003.07685815385
1498510621558 4997.770648223824 4992.2865102758215 5003.259726531268
1498510625650 4997.31820955909 4992.096358517405 5002.424969712308
1498510629460 4997.398206124153 4992.266867084385 5002.576270571116
1498510634249 4997.932933405432 4992.845418540193 5003.145235426292
1498510638386 4997.5462109630735 4992.466581096617 5002.782956156566
1498510642367 4997.478115505541 4992.541811562494 5002.569460745782
1498510646251 4997.150239143785 4992.2876971466585 5002.012597183148
1498510650288 4997.6551565788195 4992.811569868686 5002.550607100446
1498510653587 4997.539703899075 4992.68006659661 5002.512479982043
1498510657662 4997.565602764234 4992.485498381795 5002.588317242672
1498510661307 4997.432262271797 4992.308324224213 5002.335934575173
1498510664657 4997.872728312539 4993.086620558348 5002.713828832065
1498510669275 4997.830540743782 4993.137908274252 5002.610087599521
1498510673095 4997.332540508335 4992.724194910129 5002.119914481083
1498510676447 4997.7416383849 4993.192962420075 5002.311845055663
1498510680818 4997.571647148198 4993.025660078329 5002.0651155990645
1498510684225 4997.0463570392985 4992.48386818798 5001.603560551354
1498510687560 4997.298891699096 4992.793176364608 5001.895135416754
1498510691206 4997.6475488792275 4993.163729818506 5002.224746422296
1498510693987 4997.854767546472 4993.559604330886 5002.3838342234585
1498510696847 4997.938462319806 4993.4087346151255 5002.54891211018
1498510700210 4998.112470696085 4993.622857435997 5002.505611862418
1498510703906 4998.189489740436 4993.900092265943 5002.811735604527
1498510706997 4998.167119772813 4993.932202756698 5002.730675844433
1498510710320 4998.027877965349 4993.833793807659 5002.491975207725
1498510714178 4998.239312533209 4994.162612869361 5002.577545162601
1498510717825 4998.173261672854 4994.140557539182 5002.339422392133
1498510721314 4998.66961348886 4994.6262948228 5002.869314312782
1498510724433 4998.364784335316 4994.24787506903 5002.489438881162
1498510727679 4998.174153121794 4994.08433230353 5002.33741154483
1498510730657 4997.887190846276 4993.723499486205 5001.939080335212
1498510734446 4997.910210300566 4993.827874350256 5001.97221592976
1498510737060 4997.872556726955 4993.646724288845 5001.9277561487725
1498510739750 4997.923157390221 4993.814415660077 5002.129617365533
1498510742968 4997.843765044506 4993.4963594013925 5002.01666001083
1498510745811 4997.382502671752 4993.154282923256 5001.3797006668765
1498510749082 4997.420510931646 4993.1733682040185 5001.41779412096
1498510752034 4997.518851311555 4993.367367115244 5001.502582250328
1498510755420 4997.764522357585 4993.485758939692 5001.821525013022
1498510758917 4998.13879148307 4993.853794528605 5002.1440728812395
1498510761613 4998.032589345733 4993.862009028084 5002.069042309839
1498510764317 4997.791019760471 4993.578722064814 5001.718401461851
1498510768378 4997.412752670375 4993.0391812986245 5001.419501914415
1498510770895 4997.425531715116 4993.130006751531 5001.2896101448005
1498510773334 4997.21213759866 4993.040332703851 5001.108300784266
1498510777204 4997.607517755983 4993.5210081041 5001.450673244504
1498510779962 4997.72284459726 4993.674457088878 5001.582329225124
1498510782954 4997.588262383605 4993.499818617786 5001.3301261643865
1498510786740 4997.434769210808 4993.580507280633 5001.300578940544
1498510789506 4997.6395118066275 4993.783917918829 5001.4816277205155
1498510792985 4997.54147338087 4993.559831114016 5001.38558214822
1498510795335 4997.38546034212 4993.2858761186535 5001.0846131643275
1498510798606 4997.2704602412605 4993.250452979467 5000.979941000449
1498510801116 4997.375707038137 4993.39152872355 5001.080434845011
1498510804040 4997.577122127142 4997.577122127142 4997.577122127142
