1502462429242 5017.245380446379 4978.358115908566 5056.724299264174
1502462430220 5004.957859231902 4977.272448704942 5030.425572350393
1502462431144 5006.245606545714 4985.083233656424 5027.903139674063
1502462432338 5008.084149751339 4988.671753067448 5025.948537946429
1502462433255 5000.056460563837 4981.66531133829 5016.306966450286
1502462434080 4995.585176015254 4979.316255938243 5010.343931292951
1502462435439 4993.138417631203 4978.062039100809 5006.560700729927
1502462436566 4997.528527983781 4984.664303613822 5010.270735999665
1502462437486 4994.460882224625 4982.5085314807275 5006.061747924408
1502462438497 4997.981643114141 4987.1568310592165 5008.870004464286
1502462439585 4997.731616562942 4987.409268027418 5008.791001069028
1502462440749 4997.884949992175 4986.950031443154 5008.409791413368
1502462441468 4999.289324901995 4989.47708980514 5009.7601601747365
1502462442812 4997.755536925539 4987.44382029244 5007.503529335473
1502462444163 4999.1189207337375 4989.0985835996335 5008.357098055613
1502462445288 4999.916264541203 4990.41232665289 5009.0271597086
1502462446764 5002.122730159846 4992.485865702717 5010.5885596413
1502462447842 5000.991656293346 4991.263573482553 5009.890946171761
1502462449033 5001.707604979537 4992.270302905358 5010.392626257371
1502462450325 4999.701823458489 4990.532537011459 5008.076368303571
1502462451193 4998.858638126286 4989.821994814445 5007.228290962429
1502462452320 4998.349772235199 4989.634687117607 5006.818381321089
1502462453520 4997.912239259079 4989.105051974341 5006.250195726933
1502462454793 4998.619056849383 4990.112893950479 5006.688486289089
1502462456037 4998.132371192451 4989.669627832052 5005.94097034538
1502462457289 4997.869235630627 4989.751986785255 5005.885198699043
1502462458623 4998.03832632544 4990.094835144232 5005.9330947712415
1502462459962 4998.078289856751 4990.610269489548 5005.651462838452
1502462460976 4999.49809929579 4992.215305704651 5006.915694322188
1502462462207 4999.993526992442 4992.702211691461 5006.831724030038
1502462463243 5000.317953088279 4993.1756626126835 5007.473735818338
1502462464558 5000.0338141442435 4993.076157742857 5007.128252780416
1502462465759 5000.726785150774 4993.883281739047 5007.746964759142
1502462466990 5000.566953576795 4993.414949266333 5007.828827019365
1502462468253 5000.8125734688 4994.048507965451 5007.503907109459
1502462469562 5000.818001939542 4993.625795934509 5007.498082351514
1502462470495 5001.1705256285595 4994.532061483338 5007.67880148486
1502462471802 5001.155982313229 4994.928179904665 5007.3878188050485
1502462473011 5000.789385216256 4994.457567726889 5007.025729229306
1502462474246 5000.423616816507 4993.997382073234 5006.527383390783
1502462476415 4999.592063680424 4993.448293354027 5005.663046605728
1502462477924 4999.074140839346 4993.148472487599 5004.663719494572
1502462479482 4998.600759878872 4992.8672121087775 5004.07273656587
1502462480599 4998.780828734105 4993.323963658695 5004.195608623388
1502462482090 4997.589130494574 4991.798382365472 5003.105868063581
1502462483776 4996.606670569647 4990.8397837515895 5001.999614200546
1502462485402 4996.399860156371 4990.635223195221 5001.701379850542
1502462486633 4996.190851036587 4990.682280918971 5001.469452621569
1502462488397 4996.114095432873 4990.466168573346 5001.121961534589
1502462490368 4995.644389623471 4989.891527196834 5000.523872884088
1502462492196 4995.608009165383 4989.94631370019 5000.510074165137
1502462493931 4995.411445042962 4990.032506197607 5000.242162962839
1502462495730 4995.355739249477 4989.80578970525 4999.84872708862
1502462497553 4995.376313091835 4989.962052324064 4999.831868538619
1502462499458 4995.250015714156 4990.175603379428 4999.711789716965
1502462501153 4995.863447454844 4990.587901283354 5000.520363101867
1502462502807 4995.619891921196 4990.185530441207 5000.375211707476
1502462504137 4996.135467226312 4991.093272880096 5000.54726853994
1502462505713 4996.894714607925 4991.545294625484 5001.223960745986
1502462507308 4996.830737845142 4991.734675127027 5001.074822616552
1502462508704 4997.10619057281 4992.16660547064 5001.095056655235
1502462509954 4997.122333347789 4992.181632512873 5001.283281427357
1502462511431 4996.885631889181 4992.100954059607 5000.977573979186
1502462512876 4996.976428843408 4992.321230988316 5001.0639451533
1502462514363 4997.110503832552 4992.278133721034 5001.12697454624
1502462515719 4996.704299051883 4991.748697961408 5000.691614167416
1502462517420 4997.137532996657 4992.194826210505 5001.108154686204
1502462518543 4997.2251507408855 4992.312898859491 5001.370263946968
1502462520232 4997.064398529144 4992.061845056509 5001.3771371556
1502462521638 4997.395268245544 4992.213160937561 5001.664741922802
1502462523185 4997.510889120377 4992.696260189683 5001.722149757413
1502462524704 4997.075721839929 4992.219187252669 5001.167376547477
1502462526158 4996.95291458585 4992.339743391376 5000.975482147026
1502462528085 4997.165482911536 4992.469315929881 5001.048129809609
1502462530036 4996.806303732755 4992.094337312214 5000.659386058346
1502462531602 4997.0041073089205 4992.313861518304 5000.757701220839
1502462533392 4997.274892762263 4992.831572554471 5001.037771225246
1502462534955 4997.629480478195 4993.3284127914985 5001.449926091768
1502462536842 4997.579258739838 4993.144291997637 5001.225253173564
1502462538263 4997.5978728012615 4993.407612886562 5001.206609970221
1502462539777 4997.809777772158 4993.6696825705985 5001.509548448279
1502462541410 4997.772019765352 4993.495483617158 5001.3274912455645
1502462542714 4997.718847811365 4993.352468976476 5001.27579911973
1502462544336 4997.938003543381 4993.599448106411 5001.480419713237
1502462546190 4997.817798895169 4993.801400262455 5001.236594235042
1502462547729 4997.782988834537 4993.618524446113 5001.169327891176
1502462549399 4997.438157567481 4993.3225746653125 5000.789939243626
1502462550729 4997.450127528688 4993.464377074877 5000.938394607541
1502462552176 4997.261055751101 4993.148925012844 5000.672860354668
1502462553833 4997.1294397431675 4993.089216117638 5000.56913792861
1502462555364 4997.482090521739 4993.466820281284 5000.841742193093
1502462557146 4997.85083544177 4993.719134692866 5001.381535838511
1502462558946 4997.968317415096 4993.978024385555 5001.288456881453
1502462560571 4998.037512491526 4994.267225566918 5001.337472239935
1502462562837 4997.863471345119 4993.812365660725 5001.305593292819
1502462564686 4997.985481738475 4994.047323130077 5001.554520966693
1502462566808 4997.6868278925285 4993.491573073151 5001.222698599589
1502462568557 4997.459393039354 4993.50865245759 5001.220407105097
1502462570260 4997.310778670026 4993.357458503826 5001.14263094272
1502462572544 4997.577122127142 4997.577122127142 4997.577122127142
