1498510236499 4949.621643543223 4909.242549949204 4988.82603116407
1498510238655 4961.126861849686 4934.181252787552 4989.71346223385
1498510241031 4976.802542788413 4952.783207186876 4997.862126304147
1498510242649 4987.404630568151 4967.646600551203 5007.587570566855
1498510244539 4989.9461383501775 4970.351146093362 5006.834394904458
1498510246855 4992.827299711117 4976.131139431688 5008.637371273397
1498510248785 4997.5532309509645 4982.5451398961495 5011.622277923589
1498510250457 5000.612693893106 4986.502939829102 5013.707978630788
1498510252572 4998.670570365379 4985.965948249212 5011.537403414361
1498510254752 4999.922035518717 4987.452400991993 5012.108046452039
1498510256564 4997.50728000058 4985.4968004440825 5008.7634775531515
1498510258878 4998.570246858153 4987.69847171318 5009.811286775794
1498510261734 5002.91298450944 4992.400273016773 5013.82540279498
1498510263880 5003.263188508713 4992.811570613419 5013.4367318590075
1498510265991 5003.095681119836 4992.697915873087 5013.106930842516
1498510268913 5001.441579155152 4991.241113833667 5011.012897014074
1498510270812 5001.104188719448 4991.24926539976 5010.555864670139
1498510273238 5001.897902607112 4992.206921177252 5011.581739101803
1498510275119 5001.4250777343605 4991.715459519716 5010.537374764938
1498510277473 5000.282134183558 4990.4324480002715 5009.082263392857
1498510280399 4999.302401516073 4989.382995402872 5007.630126161044
1498510282383 4999.651340152326 4990.204451428184 5007.864897741343
1498510285306 4999.465502016414 4989.792908674161 5007.74984819258
1498510288140 4998.610349175077 4989.561200435096 5006.781585231813
1498510290321 4999.379331125376 4990.659172254335 5007.384482034703
1498510293258 4999.463252284435 4991.025926205369 5007.245929831044
1498510295737 5001.03864136983 4992.5843635345855 5008.861576101369
1498510298090 5001.828249559328 4993.773466841689 5009.351082056426
1498510300771 5001.927499669229 4993.74457934583 5009.215101086826
1498510303044 5002.596758133582 4994.571884331621 5009.556038316514
1498510305981 5001.918556423837 4994.251324086097 5009.176268246608
1498510308350 5001.561446360071 4994.271559409864 5008.251921116748
1498510310701 5000.76951432493 4993.501676082558 5007.07515404854
1498510313797 5001.390534360137 4994.429814240064 5008.050378711174
1498510316400 5000.739331411961 4994.115972040252 5006.946402799541
1498510319215 5000.002265311122 4993.522895365031 5006.106396156854
1498510322223 5000.27874109436 4994.189609231701 5006.236675352398
1498510325098 4999.836952690021 4994.14942059679 5005.460067942865
1498510327501 4999.76965987399 4994.210038189012 5005.283265072531
1498510330918 5000.508455899455 4994.978964100972 5005.88234221821
1498510334516 5000.539858567064 4995.074325700764 5006.17413211166
1498510337255 5000.184410265865 4994.695133555543 5005.959610089796
1498510340491 5000.262926181829 4994.949690251542 5005.980519029712
1498510343233 5000.021987260875 4994.929483137322 5005.747199466382
1498510346157 4999.685875582763 4994.407282431617 5005.347218037429
1498510348723 4999.000067430423 4993.638033973986 5004.663245094718
1498510352226 4999.115373043048 4993.858630935537 5004.620491809934
1498510355398 4998.575765180265 4993.106787628843 5004.04802481019
1498510358406 4998.656241477545 4993.4248987309575 5004.2835254479605
1498510361222 4998.903137336913 4993.9389478407265 5004.246745625781
1498510364036 4998.594441134444 4993.692520890942 5003.738438106236
1498510367070 4998.12664629168 4993.243465214042 5003.214390844266
1498510369967 4998.338613251208 4993.5234398968305 5003.216085399071
1498510372760 4998.241370848137 4993.291653619555 5003.112750502875
1498510376498 4997.782478545663 4993.062250283196 5002.774157523379
1498510380193 4998.074082910139 4993.218320188869 5003.0519324819825
1498510383538 4997.940595411605 4993.043064113164 5002.724798729915
1498510387417 4997.628867699704 4992.86044182301 5002.7605882898915
1498510391112 4997.711964382426 4992.958228952962 5002.7304082218925
1498510394499 4997.263564578027 4992.526367273657 5002.242863790455
1498510397621 4997.911845166864 4993.111361473049 5002.7439731064105
1498510401037 4997.73627688682 4992.816637652217 5002.2987410757105
1498510404228 4997.51252606574 4992.7144309740515 5002.329834149157
1498510407940 4997.6647121059705 4992.923319026608 5002.57198601496
1498510412125 4998.043073426054 4993.509776606703 5002.862174979974
1498510415852 4998.582003870915 4994.049799819264 5003.432817826985
1498510419462 4998.641499593698 4994.117047779087 5003.398989037858
1498510423254 4998.640055140743 4994.364255234638 5003.450704293188
1498510426984 4998.635638865415 4994.3514438303055 5003.3120244022575
1498510430310 4998.841877308704 4994.5313915212655 5003.358954710398
1498510434272 4998.948037708502 4994.619690833631 5003.5489057672685
1498510438206 4998.994836994215 4994.776525780208 5003.50508422608
1498510442452 4998.8348267807305 4994.655458703137 5003.149492302562
1498510446644 4998.57946427009 4994.112466734587 5002.828720905314
1498510450946 4998.1731240023555 4993.675318288968 5002.289286775205
1498510455267 4998.029937972976 4993.371642434427 5002.134094910308
1498510459481 4998.415235620574 4993.920811883079 5002.467168462944
1498510464419 4998.283586064551 4993.83179916005 5002.480499080095
1498510468814 4997.927805047936 4993.545355506971 5002.107656056845
1498510474075 4997.649840589669 4993.441072879867 5001.662313050264
1498510478818 4997.4434825399685 4993.109950993564 5001.474453058564
1498510483908 4997.719180876826 4993.547271884246 5001.850671241865
1498510489180 4997.15510874761 4992.981881483889 5001.128364790194
1498510494538 4997.2320553946065 4993.101881377767 5001.140850576737
1498510498960 4997.08316030144 4992.9078074377285 5000.971976342318
1498510504096 4997.334937962359 4993.148770790295 5001.051270040204
1498510508561 4997.467626390558 4993.272857560289 5001.216778726315
1498510514442 4997.744776344267 4993.7676076857115 5001.539341459177
1498510519597 4997.7096558867825 4993.793401417324 5001.347308382339
1498510524768 4997.742837607771 4993.872171803703 5001.348560911179
1498510529713 4997.643452927411 4993.616618628074 5001.3440862644975
1498510534876 4997.658055933275 4993.857625530875 5001.228588257489
1498510540226 4997.725611031299 4993.930516280055 5001.357830788634
1498510545196 4997.734328384964 4993.925987166156 5001.331119293873
1498510550597 4997.806628942918 4993.857353532767 5001.58058175581
1498510555802 4997.549816112371 4993.567748543226 5001.5097685575365
1498510560509 4997.525775189084 4993.522014031314 5001.3509745386855
1498510565249 4997.499120786819 4993.74577528642 5001.288937944003
1498510569532 4997.439458120699 4993.672450438229 5001.258223733499
1498510574639 4997.577122127142 4997.577122127142 4997.577122127142
