1502462525237 5010.30871996244 4979.678649413668 5043.407659220203
1502462526151 4997.774343550692 4974.626026629563 5019.69238937286
1502462527846 5002.440515475649 4983.800832825513 5020.5558912386705
1502462529214 5002.119089784074 4983.882194491782 5019.546213074628
1502462530416 4999.501894585922 4982.130576408095 5016.138840036884
1502462531565 4999.191883703398 4984.693386972962 5014.3080211148035
1502462532771 5001.737318001122 4988.955492954356 5015.506608720178
1502462533985 4999.520586242404 4987.666990386076 5011.599962929244
1502462534856 4999.524414998055 4986.853908318582 5012.64983953551
1502462536183 4995.565487039179 4983.255272567106 5006.734983285487
1502462536954 4996.452296970614 4984.747282287041 5007.551036086541
1502462538005 4996.954681425466 4985.533636164873 5007.467666062927
1502462539254 4997.427283442721 4986.5805943724945 5007.147121647462
1502462540377 4998.2640818554055 4987.8012582552765 5008.151465325171
1502462541635 4998.876910074951 4988.867569961186 5007.815615051563
1502462542730 4998.523849919305 4988.431837392569 5007.472255731491
1502462544043 4997.615906277697 4987.170430918219 5006.390855772608
1502462544958 4997.9148992677465 4988.422296228973 5006.676868262379
1502462546392 4998.619851011826 4988.8320213254365 5007.30766448606
1502462547482 4998.98901739162 4989.7556257048145 5007.186621991696
1502462548681 4998.6008605498655 4990.277907738762 5006.1155403731445
1502462549618 4998.422882386836 4990.000747308134 5006.146393910053
1502462550645 4998.884128733892 4990.508643324501 5006.3608772555635
1502462551846 4999.118985963989 4990.63002595566 5006.6845347662875
1502462553030 4999.502893055131 4990.814034763696 5007.062904710449
1502462553891 5000.234443359134 4991.6968502852105 5007.355566153315
1502462555217 5001.242188599188 4992.663128721394 5008.503029654067
1502462556525 5000.322158178844 4991.8934383756505 5007.621185811585
1502462558016 5000.14936093302 4991.875353144729 5007.406622514479
1502462559116 4999.21245710481 4990.847796611154 5006.114921935359
1502462560753 4999.492848724501 4991.619167807979 5006.447737317167
1502462562375 4998.932239606258 4991.235373310804 5005.2854610989525
1502462563909 4998.128292349797 4990.665935960006 5004.454827441077
1502462565620 4998.736127204275 4991.789344171998 5005.069312114181
1502462566930 4999.725137526966 4993.193554237697 5006.008609566676
1502462568639 4999.642522804929 4993.2928848629135 5005.805360606002
1502462570090 5000.469336929264 4993.966918448177 5006.630501179296
1502462571734 5001.159988947844 4994.118517697555 5006.939341748048
1502462572932 5001.092675340821 4994.258135456451 5007.039457331101
1502462574383 5000.019624119998 4993.259715248716 5006.127925285701
1502462575503 5000.322152674187 4993.590655604277 5006.283606356621
1502462576970 5000.119045199577 4993.6271510022725 5005.761674399455
1502462578326 4999.38397328053 4992.9026282853565 5005.165836976245
1502462579417 4999.142315187458 4992.69194251492 5004.883044598697
1502462580649 4999.630500369418 4993.1519882404855 5005.174953893383
1502462581671 4999.481899999072 4993.187352439447 5005.101338137162
1502462583106 4999.578828027097 4993.513239625571 5004.885703867977
1502462584599 4999.910895816606 4993.643883479446 5005.220166979589
1502462586138 4999.964778329414 4993.691999972268 5005.332980710286
1502462587421 4999.653610565293 4993.776965189003 5004.995511566642
1502462589456 4999.850493153757 4994.022605525833 5004.973928090315
1502462590867 4999.2321760249115 4993.374092912164 5004.4480737173635
1502462592523 4998.783877719144 4992.992615164397 5003.789992086051
1502462593798 4998.273958094575 4992.469793615247 5003.094519471768
1502462595274 4998.396884520534 4992.680060687717 5003.315366899803
1502462596846 4997.901930208843 4992.205094362973 5002.713744368677
1502462598630 4997.576998558619 4992.102292024158 5002.444403655544
1502462600075 4997.029190983902 4991.660805771365 5001.717515829016
1502462601422 4996.643138386796 4991.465938859275 5001.538711056916
1502462603225 4996.3385267177255 4991.428655653511 5001.248731521987
1502462605015 4996.195460371835 4991.032655331597 5001.273861168577
1502462606473 4996.421508676206 4991.324230206082 5001.273501219233
1502462608267 4996.678902494792 4991.778683033794 5001.433802946328
1502462610471 4996.268189787457 4991.422142209582 5001.125879041579
1502462612349 4996.10223419595 4991.351964396945 5000.970169603723
1502462613932 4995.955768882566 4991.3200346330395 5000.6935917046585
1502462615465 4996.678682108571 4992.175046426724 5001.327717605426
1502462616771 4996.246972779018 4991.813136075653 5000.619197973407
1502462618299 4996.205365769176 4991.738240515875 5000.573878531695
1502462619996 4996.297254256406 4991.725643157125 5000.652987621475
1502462621728 4996.030293904431 4991.6576196998185 5000.226257854868
1502462623336 4996.205332950805 4991.789647112088 5000.277877238006
1502462625529 4996.306313569652 4991.88181105051 5000.428122329294
1502462627212 4996.707021508279 4992.20552967199 5000.764188336335
1502462629163 4996.460788481269 4992.1480260461285 5000.3791545389095
1502462630754 4996.667640627124 4992.173800709661 5000.6667704218635
1502462632134 4996.522608566961 4992.213491021587 5000.6013572775755
1502462633912 4996.355769746382 4992.041050137929 5000.305855069326
1502462635272 4996.823783967178 4992.456219019948 5000.7339898161945
1502462637048 4996.856525438875 4992.412158023126 5000.814777333675
1502462638597 4996.773934166224 4992.243861033238 5000.6486698248045
1502462640620 4996.55290248234 4992.084516866166 5000.555744601004
1502462642596 4996.792649633741 4992.331800397118 5000.8679515281165
1502462644183 4996.763976875252 4992.400446041322 5000.810782290348
1502462645924 4996.345181409226 4991.982192933117 5000.436509561704
1502462647540 4996.531438928112 4992.1562686513535 5000.68815691377
1502462649513 4996.477258433713 4992.212843581198 5000.567659559316
1502462651419 4996.574850148385 4992.342041081467 5000.606935645428
1502462653408 4996.610823489017 4992.313004658012 5000.423056680034
1502462655189 4996.643766932593 4992.3950640162075 5000.522190408493
1502462656923 4996.778049593816 4992.603936610848 5000.593147423196
1502462658766 4996.94159701836 4992.820929471952 5000.76629554788
1502462660807 4996.7485073606285 4992.778010867582 5000.487154594664
1502462663152 4996.9848955670595 4992.959939816836 5000.788329047559
1502462664744 4997.238340919087 4993.322768843501 5000.932934508679
1502462666756 4997.4635071494595 4993.441916225246 5001.213688258594
1502462668502 4997.412580997298 4993.449564794646 5001.142598863666
1502462670400 4997.381060322985 4993.348111533267 5001.146218472101
1502462673139 4997.595468775731 4993.679889863914 5001.25904307465
1502462675871 4997.577122127142 4997.577122127142 4997.577122127142
