1498510252471 5023.419248826291 4984.784159690921 5067.341992797119
1498510254673 5008.661639218363 4983.015295491494 5036.374526716702
1498510256443 5018.02523174646 4995.951959803051 5038.935153783475
1498510258694 5010.463624338624 4991.745284833514 5027.482549823078
1498510261248 5011.4530408433275 4996.009376342637 5024.333710679491
1498510263431 5009.765399406706 4995.687044864202 5023.836357602494
1498510265377 5011.984795447426 4999.278159087206 5024.534460534128
1498510268305 5009.390149454348 4996.908404056962 5021.671137285041
1498510270229 5010.699261854848 4998.929593013103 5022.298381029975
1498510272257 5009.162030339883 4998.077307968792 5020.368273530326
1498510274455 5006.481680392575 4996.871275315977 5016.903964982184
1498510276510 5005.767455019831 4995.679161979559 5016.074132990593
1498510279412 5004.473881011029 4994.599666405566 5014.013130251871
1498510281580 5006.113890491684 4996.656210792829 5015.807149533051
1498510283829 5005.291414166851 4995.552696871857 5014.4074994918055
1498510287166 5005.039295116505 4995.687111395488 5013.748943227629
1498510289136 5004.341121706744 4996.285065339895 5012.917218277649
1498510291655 5003.498434769249 4995.30939534754 5011.57892724875
1498510294063 5002.185970762926 4995.155053089689 5010.058978842255
1498510296720 4999.826429967649 4991.93046676083 5007.909833325269
1498510298977 5000.113604101384 4992.163544135787 5007.922254562527
1498510301537 5000.861059631481 4993.245253562659 5008.110490008407
1498510304140 5000.0779247498585 4992.7047272322725 5007.1747651615115
1498510306425 4999.706606494065 4992.226727966791 5006.868216509422
1498510308763 4999.003679263806 4991.90275284157 5006.579888159334
1498510311317 4998.186759036679 4990.855497291291 5005.221248953244
1498510314434 4998.520995337025 4991.4783133268 5005.569284590787
1498510317168 4997.788906825426 4991.014058123741 5004.655090602049
1498510319542 4997.782486548504 4991.198091658913 5004.516561799792
1498510322145 4998.804677052623 4992.297015975821 5005.518748101257
1498510325012 4999.135863174317 4992.812866334802 5005.987987584477
1498510327380 4998.331361201837 4992.2787622334545 5004.794949225777
1498510330474 4998.576399598264 4992.7126804745785 5004.88020643565
1498510333320 4997.957688436721 4992.197836674265 5003.9556646818155
1498510335863 4997.52578108994 4991.871103686272 5003.164567855737
1498510338538 4996.944897027125 4991.42517460872 5002.418442472891
1498510341611 4996.825640071265 4991.259783298542 5002.442074922543
1498510344857 4996.697026364259 4991.251182800018 5002.673330478498
1498510348099 4996.150197604839 4990.620761925863 5001.688938236357
1498510351596 4996.329252833088 4991.059418123123 5001.7045297669365
1498510354740 4996.457335234136 4991.520818728952 5001.529741174282
1498510357817 4996.32381412946 4991.492939357201 5001.260837106993
1498510360956 4996.019472470662 4991.410868754422 5001.087317231487
1498510363727 4995.797767676121 4991.112466825244 5000.885991419026
1498510366727 4996.614543290881 4991.829082592099 5002.152757682134
1498510369687 4997.371107631973 4992.889606675348 5002.570373502754
1498510372386 4997.4761818582265 4992.874118379157 5002.416714309966
1498510376153 4997.794326683105 4993.413097860063 5002.645167305903
1498510379979 4997.7751035282845 4993.318106047725 5002.6424437934265
1498510383073 4997.882035583616 4993.4461293622435 5002.541603497417
1498510387053 4997.843779290823 4993.48128349962 5002.694547327277
1498510391207 4997.722616484166 4993.442347298632 5002.617967891371
1498510394528 4997.663897306757 4993.30883471155 5002.928419234753
1498510397514 4997.548544677647 4993.154170707125 5002.539030803571
1498510400899 4997.8117612009355 4993.4985048142125 5002.716781328864
1498510404816 4997.756673066072 4993.762474748412 5002.763389919726
1498510408054 4997.939760121181 4993.914899451217 5002.980929695163
1498510411542 4997.894079284324 4993.7999011032225 5002.895687606308
1498510415529 4998.240509170837 4994.257369748373 5003.036655187483
1498510419350 4998.489342005864 4994.553379421172 5003.268165588163
1498510422887 4998.371184317508 4994.060834021756 5003.034842905673
1498510426583 4998.089510724104 4993.934607966802 5002.472385520376
1498510430250 4998.202117779618 4994.133072217437 5002.693188613829
1498510434478 4998.389511997648 4994.304189605131 5002.904872943666
1498510438405 4997.8656987404265 4993.669049733354 5002.210146236657
1498510442302 4998.16097691306 4993.912490521158 5002.438918268063
1498510446292 4997.592529537468 4993.398139745522 5001.842722953636
1498510450471 4997.442116278732 4993.261329194659 5001.764866951697
1498510455008 4997.3940000239 4993.133396967708 5001.769105613446
1498510459331 4997.712270776259 4993.457142397881 5001.950771505322
1498510463838 4997.613978039838 4993.555595239431 5001.816095250304
1498510468318 4997.132749028197 4993.0023319331085 5001.480120050928
1498510473164 4997.29068403197 4993.191418007896 5001.504226979686
1498510478412 4997.621883187748 4993.505425105211 5001.858710166488
1498510483698 4997.7664413638695 4993.609010946722 5001.98399869076
1498510489019 4997.866230145164 4993.729271496869 5001.952517206133
1498510494179 4997.675217523609 4993.591168987623 5001.708336141512
1498510498764 4997.729379830735 4993.60679945643 5001.911715697064
1498510503532 4997.668938164666 4993.465371103316 5001.7899011794925
1498510508356 4997.803795439753 4993.619374358665 5001.903338200925
1498510514170 4997.546992952914 4993.532470903606 5001.707586952101
1498510519242 4997.622879126141 4993.663884108585 5001.710079300671
1498510524482 4997.650180426066 4993.630971698025 5001.73281245642
1498510529458 4997.704496199463 4993.5357577329105 5001.742019436996
1498510534654 4997.417298598426 4993.417370227616 5001.342505808988
1498510539876 4997.503771560462 4993.401586096765 5001.468902101304
1498510545033 4997.488411973206 4993.546369460955 5001.453583749747
1498510549644 4997.946200616465 4994.033220363049 5001.743701564555
1498510554081 4997.893254154215 4993.842071327674 5001.694795239658
1498510559153 4998.109338055412 4993.9937482215855 5001.985390400009
1498510563760 4998.19019340972 4994.151880366838 5002.192436890724
1498510569260 4998.145839388457 4994.236852401277 5001.974377961574
1498510574612 4998.184893574887 4994.258726509359 5002.111903308155
1498510578932 4997.769976304652 4993.813754377096 5001.635008419291
1498510583667 4997.727155592582 4993.969581593988 5001.498068601166
1498510588038 4997.440550630137 4993.66568237483 5001.161976605569
1498510592110 4997.380658342249 4993.475288496142 5000.9616495677665
1498510596600 4997.4606885290395 4993.588731792578 5001.110708228067
1498510601393 4997.309624288114 4993.554684121331 5000.993897544805
1498510605750 4997.577122127142 4997.577122127142 4997.577122127142
