1498510314248 5008.453461538462 4967.587599621775 5047.10273355362
1498510316547 5006.577830440445 4977.350482174805 5031.802805722563
1498510318739 4997.882179052252 4971.043794523508 5020.551013595956
1498510321785 5002.054049151114 4979.2417212782 5021.069975732406
1498510324246 5002.875526039488 4984.299475033574 5019.6930512606805
1498510326419 5000.277333923021 4981.870736871411 5015.282450786118
1498510329131 5001.728576588084 4985.857869489703 5015.447291523045
1498510331264 5000.079513803665 4986.164251450436 5014.107279542316
1498510334286 4996.817891662928 4983.178113116764 5009.415178951726
1498510336615 4995.954031280414 4983.000808488175 5008.017141689055
1498510338958 4998.17694538544 4986.491496457416 5009.309692668197
1498510341310 4996.343708477832 4984.992342159874 5007.291002667104
1498510344150 4997.312100247006 4986.772877065341 5007.47645988825
1498510347047 5001.6395221828725 4991.530991102187 5011.742161850304
1498510349574 5005.517201639064 4995.547683029 5016.052521008403
1498510352404 5005.631532896562 4996.421009066002 5015.499390925728
1498510355119 5004.477366648598 4995.123840909091 5013.648051015983
1498510357813 5003.204043906589 4994.746550363689 5012.312326196836
1498510360601 5003.922392617219 4995.742586359268 5012.666624294571
1498510363334 5004.197668239527 4996.162435998987 5012.6090324066745
1498510366220 5003.327411145846 4995.387341681269 5011.616310392329
1498510368840 5003.179695796328 4995.651183964983 5011.320220047224
1498510371437 5003.1930321247855 4995.3482105789 5010.812950090398
1498510374503 5002.749045744102 4994.992241282022 5010.077417216292
1498510377639 5002.997819769924 4995.002379811925 5010.214243920515
1498510380388 5002.127301090712 4994.493742424243 5008.932091545358
1498510383196 5001.030548195219 4993.289412746115 5007.700926137589
1498510386926 5000.889708323979 4993.273943336599 5008.093877003829
1498510390208 5000.790638548139 4993.752548692602 5007.611530974341
1498510394193 5000.278939713004 4993.402111917539 5007.274672462169
1498510397276 4999.721151055555 4993.141352783501 5006.526716423436
1498510400394 4999.920382290654 4993.747643857864 5006.663587143841
1498510404336 4999.676684929414 4993.01596698234 5006.214475866114
1498510408211 4998.592379180173 4991.982731360537 5005.180520523967
1498510411290 4998.12726492863 4992.036878394137 5004.657474357888
1498510415102 4997.902165933706 4991.462936498751 5004.604444035448
1498510418678 4997.605295257964 4991.7062106430985 5003.955616853836
1498510422809 4997.102084456401 4991.005459232634 5003.399811368018
1498510425892 4997.441297046467 4991.090518471461 5003.897972266011
1498510429477 4997.785140679665 4991.319773313953 5004.249379783646
1498510432424 4997.192704527606 4991.117154228469 5003.496314226984
1498510435905 4997.749166458957 4991.836111678041 5003.537035125178
1498510438993 4997.5382868117795 4991.840475614679 5003.04494117988
1498510442699 4997.457678552908 4991.836296255638 5002.974388348663
1498510446572 4997.442926194261 4991.660507190514 5003.05916112484
1498510450649 4997.944660858417 4992.082173169677 5003.4345612044135
1498510455108 4998.092796850518 4992.321096289803 5003.48274599752
1498510459481 4997.132491898142 4991.333735025958 5002.524911101192
1498510463692 4996.4183939836275 4991.089456620226 5001.6841956841645
1498510468344 4996.512714620576 4991.034725811711 5001.612638603583
1498510472743 4997.073191468294 4991.555419720419 5001.992783488842
1498510476787 4997.502689914815 4992.146429889002 5002.435140651131
1498510480264 4997.5156475005915 4992.008942597903 5002.60147460823
1498510484030 4997.3537534469215 4992.0379994254145 5002.319763117901
1498510488590 4997.2031240397155 4991.871907905076 5002.001729549409
1498510493840 4998.241872030087 4992.783576467393 5003.1144540736595
1498510497275 4998.3224416213625 4992.659016394941 5003.182350983615
1498510502113 4998.360525775559 4992.905290458619 5002.998521307089
1498510506310 4998.761644740661 4993.961836521848 5003.2510189815075
1498510510221 4998.314814633032 4993.5424377733525 5003.058429784347
1498510514610 4998.0057415879955 4993.159511820908 5002.645509395968
1498510519412 4998.4410411410945 4993.716572811448 5003.118479139042
1498510524424 4999.184384980088 4994.381668145202 5003.580749076452
1498510529219 4999.020772632857 4994.420440064214 5003.4478660084515
1498510534635 4999.148846356237 4994.755687790951 5003.569374370508
1498510539881 4998.704721986544 4994.329558411798 5002.9487113419
1498510544843 4998.55068498997 4994.03103439549 5002.635146582114
1498510549468 4998.302918704926 4993.883053575133 5002.292591475031
1498510554337 4997.932165746314 4993.409485702026 5001.879782679536
1498510558412 4997.705609139872 4993.287160574875 5001.7361230228835
1498510562251 4997.646727667692 4993.500335565665 5001.627504870126
1498510566184 4997.8492107592465 4993.6740251349365 5001.910176220099
1498510569961 4997.443043944193 4993.33498549066 5001.535690873169
1498510574521 4997.21145451721 4993.213856906111 5001.284783476036
1498510579013 4997.428139158521 4993.505652085703 5001.381526298896
1498510583411 4997.507736095706 4993.5621444589615 5001.625778174918
1498510588015 4997.573697560009 4993.388895275967 5001.7244689388
1498510592081 4997.372800273145 4993.262155349257 5001.586397798086
1498510596567 4997.490860336206 4993.421991851981 5001.534496131978
1498510601220 4997.267281324301 4993.164577012995 5001.3219420673895
1498510605589 4997.499498529304 4993.537814530349 5001.570121238175
1498510609722 4997.713140644679 4993.592945519138 5001.879207421459
1498510613811 4997.237805596289 4993.137192270615 5001.238256636214
1498510617779 4997.544230504956 4993.577991572049 5001.525735560871
1498510621778 4997.871059747585 4993.995783500536 5001.8201676054405
1498510626000 4997.94120775122 4993.866948262014 5001.947572337369
1498510629824 4997.573191857485 4993.605275670304 5001.6588852893765
1498510634694 4997.679870172826 4993.649022964521 5001.683576867952
1498510638846 4997.997461902937 4993.827170006139 5001.919333127005
1498510642711 4998.2102427946675 4994.168714814314 5002.02632339542
1498510646695 4998.140438046796 4994.1439228154395 5001.902247306061
1498510650707 4998.288394680888 4994.547127195092 5002.243832034313
1498510654228 4998.448544195669 4994.532593120834 5002.378533663172
1498510658195 4998.59240063114 4994.703270442301 5002.479181630465
1498510662039 4998.509369154282 4994.587392319526 5002.362859591942
1498510665547 4998.078666997291 4994.235886860188 5001.908234803779
1498510669642 4997.6189460422165 4993.8386325770225 5001.360801273887
1498510673383 4997.771169799274 4994.055877651985 5001.559824603399
1498510677208 4997.723622028089 4993.890722796949 5001.529844692378
1498510681232 4997.577122127142 4997.577122127142 4997.577122127142
