1498253817645 4992.558445440956 4956.011787267879 5028.549029020292
1498253821410 4986.321414085349 4962.590308084518 5009.394686293143
1498253825832 4984.177572763419 4966.017429655991 5003.674862099657
1498253828588 4990.09650939368 4973.2114972767895 5006.774727802484
1498253831806 4999.675574116301 4983.2579523618 5013.5999584875635
1498253835420 4999.108445051661 4983.74191275949 5013.065530715103
1498253838669 5000.1843079061555 4985.896548500512 5013.088269037464
1498253842042 4999.231650129753 4986.013975898719 5011.822133202849
1498253845455 4997.671581407203 4986.252822956525 5009.30960853009
1498253849193 4996.937292433258 4985.666161416738 5007.490371526944
1498253852502 4994.6607013962785 4984.29259231412 5003.6618025770695
1498253856014 4996.719283111468 4986.451512678492 5005.666500162893
1498253859690 4996.185523809361 4986.694988952058 5004.422849187518
1498253862354 4996.440037132675 4987.500051044859 5004.779422353314
1498253865747 4996.745968765966 4987.9821899870085 5005.026389700728
1498253869987 4997.850350721823 4989.45627938452 5006.036889396164
1498253873760 4997.686663613655 4989.323367083305 5005.212358860196
1498253876750 4995.489386193024 4987.129528018472 5003.091675730725
1498253880526 4995.509559392173 4987.585797891655 5002.917266295349
1498253885360 4994.728139511062 4987.008699546756 5001.412382180604
1498253890189 4995.060655725811 4987.069474578503 5002.158663690547
1498253894011 4994.69650019014 4987.33007494169 5001.725991608024
1498253896777 4995.991540216621 4989.013982272915 5002.849192899665
1498253900466 4996.178767783354 4989.40462089608 5003.001301343933
1498253904537 4996.728009109098 4990.246391208919 5003.603581798203
1498253908845 4997.0328262329895 4990.3687274968 5003.919318025034
1498253913666 4997.432307088261 4990.674970257049 5004.400943796417
1498253918774 4999.324535610123 4992.747993763875 5006.395249594365
1498253922852 4998.10457706296 4991.594834448964 5004.690845949425
1498253926644 4997.513286324104 4991.025673201758 5004.37030975795
1498253928981 4997.4791874988 4991.182936029707 5003.864717189593
1498253931887 4998.079059185239 4991.840317377278 5004.102572722207
1498253935430 4997.418172809242 4991.229510195994 5003.190167948853
1498253939280 4996.723108997134 4990.402866330852 5002.369712067337
1498253941857 4996.7202173837895 4990.664170213388 5002.335292120998
1498253945096 4996.94533612339 4990.955992070722 5002.263485566252
1498253948030 4996.506026281759 4990.5579716019365 5001.755238621478
1498253951507 4996.397781227153 4990.718365137211 5001.527757844884
1498253955811 4996.4162690412095 4990.725226879073 5001.4656704054605
1498253959539 4996.231738857662 4990.468725984878 5001.233214067476
1498253963289 4996.369641611846 4990.657743850751 5001.38542228281
1498253967205 4996.532547762681 4990.574823423394 5001.619803559898
1498253971214 4997.30928892343 4991.341395029992 5002.514896832139
1498253974905 4997.292400274003 4991.599531223698 5002.946345403781
1498253978286 4997.581717955163 4992.127374176106 5002.975383757601
1498253981999 4997.532826335329 4992.003729506155 5002.762858518111
1498253985038 4996.747018366733 4991.507064425209 5001.721782739197
1498253987664 4997.116053096204 4991.973265078415 5002.19318153231
1498253990681 4997.53140391855 4992.307342909966 5002.75826815485
1498253993875 4998.1455720566655 4992.907994210109 5003.289225934942
1498253997499 4997.791988015953 4992.437448947534 5003.2952059499075
1498254001128 4997.679911417143 4992.460865449404 5003.030416721012
1498254004656 4998.379910623023 4993.386177510358 5003.662835275172
1498254007791 4998.430817622142 4993.377179091688 5003.477363506004
1498254011264 4998.072842210207 4993.097459390161 5002.910439357065
1498254014797 4998.346403627634 4993.720563500947 5003.059096853422
1498254018201 4998.234837129741 4993.785351750165 5002.922962478136
1498254021431 4997.924980250211 4993.254619536047 5002.664890751144
1498254024697 4997.559175846618 4992.935547806332 5002.167286275014
1498254028222 4997.366492993464 4992.770196344705 5001.889317376325
1498254031544 4997.836634521163 4993.211333572348 5002.299236264327
1498254034515 4997.803587577915 4992.9955191228255 5002.17933178759
1498254038167 4998.175371605531 4993.543262635119 5002.577573150282
1498254041243 4998.096968106219 4993.164279899724 5002.375995689647
1498254043434 4998.189077670939 4993.362763464756 5002.617923607343
1498254046183 4997.672515029196 4993.10088006421 5001.941933471337
1498254048806 4997.5944056093285 4993.061312499822 5001.909298479301
1498254052176 4997.142359086854 4992.733091750913 5001.432729375398
1498254054930 4997.527061896369 4993.107639597373 5001.778701161925
1498254058516 4997.222956576367 4992.773398436671 5001.451151266445
1498254061722 4997.045570300947 4992.604529170093 5001.321006717337
1498254064398 4996.945343605147 4992.588961378037 5001.19681222456
1498254067586 4996.9149547651705 4992.362565255078 5001.020478490731
1498254070339 4996.721484547381 4992.2836320836495 5000.796719760543
1498254073470 4996.865386847806 4992.571774886239 5000.802373908606
1498254076281 4997.278104652712 4993.0511331835405 5001.111438340255
1498254079169 4997.15202049258 4992.893040175277 5001.098973707799
1498254082249 4997.473396736626 4993.300169142773 5001.4911919758415
1498254084675 4997.694714707563 4993.549512421615 5001.635073747408
1498254087170 4997.412477044016 4993.112465332192 5001.364245810056
1498254090618 4997.361125041132 4993.0509534371795 5001.320328007045
1498254093495 4997.188383245187 4993.098670079328 5001.085861652002
1498254095710 4997.463543067075 4993.414629713582 5001.353195319781
1498254097871 4997.471581284402 4993.503459624782 5001.554838721548
1498254100623 4997.254220795017 4993.443070793021 5001.205844501048
1498254104153 4996.763633539007 4992.835975181657 5000.594548913287
1498254106497 4997.16837093333 4993.129499182743 5000.920055693906
1498254109704 4996.826473042328 4992.81769413855 5000.489330648583
1498254112943 4997.004375922143 4993.025416320346 5000.715915120595
1498254114994 4996.938220726536 4992.72603541451 5000.602224243354
1498254117019 4997.0283993570765 4992.955583191431 5000.589708820206
1498254119942 4997.329138099985 4993.180387123524 5000.856058406521
1498254123109 4997.519026622889 4993.563186521467 5001.025775664489
1498254125787 4997.725549804763 4993.882059485606 5001.286630018618
1498254127847 4997.4307094924925 4993.5289246447555 5001.066016197745
1498254130393 4997.6934482895485 4993.601702781135 5001.396552004932
1498254133147 4997.818769011068 4993.774855177195 5001.467109134831
1498254135928 4997.696143639156 4993.71602771058 5001.329963045424
1498254138597 4997.7676978573245 4993.94449841462 5001.352540337276
1498254141510 4997.577122127142 4997.577122127142 4997.577122127142
