1502462588868 5022.900311393593 4987.955200419177 5058.575716603569
1502462589743 5010.647796595708 4986.197285965466 5033.997637831391
1502462590878 5010.26855947995 4988.788199287678 5030.060453670019
1502462591859 5003.1965990676235 4985.192589996289 5020.53591865984
1502462592818 5004.419080867918 4987.5776438537105 5020.416549606351
1502462593848 5004.769749477188 4989.924392050364 5019.250203598703
1502462594859 5006.543564012364 4993.548072910237 5019.5829025398625
1502462596008 5007.531781084974 4995.646045715808 5020.593750161544
1502462596912 5005.189101789025 4993.695659728744 5017.08810475331
1502462598038 5005.921790451155 4994.255996291637 5017.74323525271
1502462599148 5006.482095747982 4995.043126130252 5017.697179632784
1502462600121 5005.612624466572 4994.8189396235775 5016.827270474818
1502462601202 5006.19557723748 4995.1775874758805 5017.249599538669
1502462602521 5005.025706768453 4994.574430785012 5015.535478381445
1502462603544 5003.937192514206 4993.983664782581 5013.506398705268
1502462604595 5003.019137760397 4993.973084247399 5012.252968823482
1502462605556 5003.724277665632 4995.108421050054 5012.426967184892
1502462606523 5003.753324512231 4995.865617812126 5012.312165306724
1502462607782 5003.620472359574 4995.564962415911 5011.286022138704
1502462608583 5004.254811611895 4996.416990392325 5011.722199976952
1502462610086 5002.352198330444 4994.430912448434 5009.648989787249
1502462611583 5003.125611906938 4995.355011936474 5010.61674773635
1502462612550 5002.204896036701 4994.842058335613 5009.536253267773
1502462613775 5002.135946503521 4995.066214116179 5009.352319164923
1502462614875 5000.14969883015 4993.1938843086255 5006.854961806631
1502462615863 4999.865720083134 4993.0605670329205 5006.791009012709
1502462616980 4999.257768658533 4992.443720984555 5006.012877799672
1502462618143 4999.663524605781 4993.036167944637 5006.3799202210475
1502462619660 5000.147841328522 4993.383581786982 5006.629615664529
1502462621265 5001.212009212905 4994.550784790398 5007.700502860107
1502462622231 5001.166494572849 4994.589318928273 5007.36516306595
1502462623398 5001.18667482918 4994.65786191622 5007.058365348134
1502462625419 5001.668302335808 4995.401199009803 5007.5502941062405
1502462626868 5001.779245233281 4995.375938529627 5007.404239560361
1502462628612 5001.913856933466 4995.575885417075 5007.289283458647
1502462629776 5002.362375075577 4995.889471755166 5007.682679684178
1502462630991 5001.987646431883 4995.4326553618685 5007.42401223147
1502462632551 5002.135819343303 4996.0108843209355 5007.352818647058
1502462633729 5001.557546847711 4995.176150319306 5006.869470661347
1502462635016 5001.44834506614 4995.16294006919 5006.886569967761
1502462636536 5001.84472641917 4995.761661432136 5007.373153069697
1502462637734 5000.899394785563 4995.274069247143 5006.097116829336
1502462638906 5000.963262851154 4995.581676341294 5006.110849163438
1502462640671 5001.180328918333 4995.72519772488 5006.496564903052
1502462642197 5001.131608573469 4995.3721024941115 5006.368535655481
1502462643581 5000.6991876028715 4994.929641421646 5005.879429482901
1502462644985 5000.226590132881 4994.903836936717 5005.503284184615
1502462646616 5000.362880637652 4995.043071778875 5005.459328457892
1502462647818 5000.289138366692 4994.708887307725 5005.484364930009
1502462649515 4999.918769493938 4994.442342250195 5004.902334409654
1502462650965 5000.236536472368 4995.075109768656 5005.099162596419
1502462652689 5000.099393768272 4994.944154816723 5004.768434441805
1502462654480 4999.856443054682 4994.831635716395 5004.568082932854
1502462656306 4999.668856804801 4994.478481560044 5004.495554024152
1502462658171 4998.917183291391 4993.77973980721 5003.788695804327
1502462660352 4998.708197703353 4993.452369321303 5003.508521523971
1502462662511 4998.577626975997 4993.256592833781 5003.257145298149
1502462664119 4998.8473106284155 4993.583877347344 5003.442034474091
1502462665345 4997.964133310281 4992.870700036613 5002.260070275268
1502462666933 4997.288505339951 4992.349475049377 5001.719525921693
1502462668348 4997.162223071154 4992.331906543361 5001.502812582634
1502462669866 4997.170049955977 4992.258628116672 5001.45472349062
1502462671539 4997.424204486177 4992.54507793399 5001.76945473251
1502462673063 4997.511746131249 4992.61328416802 5001.759979731114
1502462675312 4997.108767967011 4992.17882053572 5001.293815156177
1502462677168 4996.760272072418 4991.820495499191 5001.021919855102
1502462679179 4996.679624174721 4991.648079404304 5000.8463007827695
1502462680679 4997.102648547307 4992.123998182388 5001.361456486796
1502462682753 4996.820697850062 4991.950552360153 5000.893929231263
1502462683897 4997.066576915385 4992.342853363123 5001.113308227547
1502462685913 4996.849928916006 4992.31296891747 5000.902613858935
1502462687509 4996.328607088596 4991.812421861425 5000.299701231632
1502462689777 4996.815258545894 4992.216051901755 5000.590525805986
1502462691441 4996.909584186922 4992.401112791878 5000.808654793906
1502462692781 4997.2515533906 4992.749118942347 5001.153975129618
1502462694448 4997.500835903941 4992.901948837841 5001.4377558291635
1502462695615 4997.378275191768 4992.9520200341285 5001.253664875094
1502462697057 4996.980807743658 4992.558740597164 5000.891311297009
1502462698825 4996.6006998432185 4992.296098399238 5000.550505558322
1502462700396 4996.76613238812 4992.557717925545 5000.703787649272
1502462701921 4997.019958289819 4992.832285028637 5000.926594565958
1502462703824 4997.312982065686 4993.1593772974775 5001.280489385104
1502462705295 4997.480542700235 4993.291882438268 5001.2807598704285
1502462706996 4997.7156068882505 4993.500422492133 5001.395771658351
1502462708379 4997.708549700191 4993.501779150167 5001.621474981513
1502462709681 4997.808989706397 4993.535711989532 5001.762644152544
1502462711152 4997.579545292881 4993.369835587692 5001.221723010602
1502462713040 4997.705935131423 4993.647714777575 5001.445821398277
1502462714407 4998.0902080839705 4994.101349654631 5001.813338317346
1502462716021 4998.144607680416 4994.047790119188 5001.827567461207
1502462717491 4997.933898514944 4994.0053195095725 5001.643851338539
1502462719102 4997.646703145042 4993.753452610528 5001.173621252909
1502462720404 4997.579321555068 4993.579194406505 5001.220373094066
1502462721943 4997.661891862932 4993.756149951017 5001.430957978879
1502462723480 4997.62246273223 4993.707133130019 5001.297243385438
1502462724998 4997.546383864843 4993.575533051163 5001.176129674464
1502462726432 4997.765464755541 4993.887695044362 5001.416949164125
1502462728117 4997.478274426735 4993.5627686500875 5001.188548738733
1502462729552 4997.650160499182 4993.799007474256 5001.3895073524
1502462731163 4997.577122127142 4997.577122127142 4997.577122127142
