1497558738397 5010.199162142521 4968.2740009980425 5046.927537499453
1497558741919 5007.74371300985 4981.377814111433 5035.282951920558
1497558744844 5009.205286445656 4987.183171310294 5031.453288062917
1497558748703 5005.195744135367 4985.423584724621 5022.986136140236
1497558752356 5006.3697542888385 4989.947784080837 5022.4192661381285
1497558756001 5009.515849652963 4994.1748601368745 5024.089770850723
1497558759913 5010.492301074974 4994.7232168991995 5024.376351242868
1497558763399 5004.649422230879 4990.5134399482895 5018.636540846988
1497558766907 5006.199316383015 4993.038051256165 5019.568574880089
1497558770825 5005.344540507292 4992.348560206801 5017.641106222502
1497558774928 5006.43871941738 4995.256732713547 5018.589821423115
1497558778746 5005.987882648157 4995.191932177093 5017.914594365249
1497558782572 5004.714836806281 4994.1339447356495 5016.079778512224
1497558786665 5002.185313987787 4991.662061283714 5013.900960975189
1497558790648 5001.0802546818395 4992.161993436694 5011.225711470379
1497558794585 5001.185370806974 4992.059795369989 5011.4944518443135
1497558798122 5000.576457386365 4992.025429419811 5011.097081482102
1497558801991 5000.783045514234 4992.06856444455 5010.505701650133
1497558806111 4999.1997863156585 4991.058997278158 5008.75565473159
1497558810382 5000.6055276918605 4992.851661418249 5009.741270044178
1497558814742 4999.66598358905 4992.0702431788595 5009.054525255467
1497558818996 4998.7738375597355 4991.495124800678 5007.3015091541165
1497558823913 4998.150665655069 4991.430944995747 5005.972417496304
1497558828584 4997.136126786134 4990.139457430457 5004.985545375266
1497558832732 4997.051338393245 4990.111811904031 5004.377226087337
1497558837302 4996.211422093239 4989.291791377799 5003.545359150593
1497558841143 4996.974491051215 4990.274373189133 5003.79484329877
1497558844909 4996.39771312773 4989.769045991914 5002.9744843677645
1497558848962 4996.894981226052 4990.009005072318 5003.54424084581
1497558852711 4997.142944466087 4990.470902113752 5003.922581780161
1497558857225 4998.033174416107 4991.149856950452 5004.258867459268
1497558861233 4998.358856299775 4991.956614731881 5004.773591730049
1497558865224 4998.746491591523 4992.341951796977 5004.973110930126
1497558869514 4998.918193203476 4993.037475327761 5005.0784733849505
1497558874090 4998.247022983193 4992.5690122948945 5004.388837397279
1497558878629 4998.072343362834 4992.216668723572 5004.112444302857
1497558882419 4998.283720576589 4992.311922967776 5004.099333495029
1497558886337 4998.4613516974605 4992.568363563805 5003.984537726215
1497558890064 4998.369548419175 4992.857360445542 5003.8076128018865
1497558893887 4997.994156850483 4992.479459198808 5003.578488446046
1497558897740 4998.215925487701 4992.799777874721 5003.646358679692
1497558901806 4998.135333817436 4992.7502764284845 5003.723444832979
1497558905915 4997.639259728177 4992.177766882461 5003.193776393477
1497558910415 4997.677532715614 4992.219502560519 5002.72502263382
1497558914987 4998.276040956973 4992.81043386848 5003.233941430123
1497558919332 4997.973710289069 4992.674309532596 5003.062666752044
1497558923509 4998.080095457605 4993.174842667834 5003.047206227057
1497558928147 4997.649554526792 4992.860583534844 5002.736032649395
1497558932873 4997.951776303902 4993.390557639444 5003.068449350622
1497558937443 4997.7784647322405 4993.017929536217 5002.837546422233
1497558941710 4997.9364227157475 4993.2764973926 5003.0114682675285
1497558946466 4997.549650229571 4992.928873384386 5002.549099582913
1497558951320 4997.468430186838 4992.978032028607 5002.205567599586
1497558955966 4997.5947806252225 4993.103059751552 5002.3240265990635
1497558960421 4997.950995685789 4993.398110486163 5002.679213347233
1497558964763 4997.986993171522 4993.561064193793 5002.608774366619
1497558969269 4998.091577039574 4993.646394156307 5002.85560226548
1497558973729 4997.662322445442 4993.229455187251 5002.462173438021
1497558978368 4997.296478028848 4992.947973340906 5002.127219494372
1497558982960 4997.5740744063105 4993.2101514419855 5002.106619028656
1497558987921 4997.516868470356 4993.191434586902 5001.954778349915
1497558992448 4997.55339877157 4993.278544969188 5001.855809195277
1497558997137 4997.412894261011 4993.248502853509 5001.806574791693
1497559001801 4997.92089455013 4993.620515891874 5002.356246085768
1497559006640 4997.506649722884 4993.231750010553 5001.960052732024
1497559011368 4997.309655403076 4993.079103970238 5001.691511003679
1497559015960 4996.952754159913 4992.592111860535 5001.475769028971
1497559021399 4997.191712934209 4992.859732639631 5001.519427289507
1497559025881 4997.061852847418 4992.804200941474 5001.507530280012
1497559030465 4996.892504841662 4992.522514226882 5001.312559138615
1497559035228 4997.090835117718 4992.856024470375 5001.522840510925
1497559039824 4997.270834427898 4993.067463361127 5001.573433618265
1497559044601 4997.07090754464 4992.827437958587 5001.365783905047
1497559049353 4997.450396388084 4993.325787607461 5001.744943734247
1497559053908 4997.453911024371 4993.347313440212 5001.797660776463
1497559058402 4997.657136462152 4993.566269777537 5002.101994163871
1497559063350 4997.7961878555225 4993.782881972062 5002.312649419595
1497559068467 4997.960235240548 4993.912996877191 5002.161682411752
1497559073551 4997.44735930466 4993.504212865134 5001.502675877806
1497559078471 4997.334954550114 4993.289505142384 5001.532179156366
1497559083197 4997.529652707267 4993.256775003421 5001.775610008622
1497559088051 4997.561850398881 4993.283405808892 5001.746388702871
1497559092871 4997.809876358635 4993.55383584258 5001.955170786681
1497559098073 4997.7537496155555 4993.578004301293 5001.907186890573
1497559102475 4997.931061983003 4993.779385180805 5002.088719253527
1497559107147 4997.936405742945 4993.752929105983 5002.001188726748
1497559110910 4998.001736844556 4993.7489498686045 5001.962216340916
1497559114617 4998.095623071091 4993.843776430831 5001.894973175897
1497559119240 4998.195367590648 4993.996615801991 5002.119095041888
1497559122666 4998.275998539114 4994.114281868889 5001.9621603217365
1497559126090 4998.156123694712 4994.040084425754 5001.9509592122295
1497559129727 4998.160862855022 4994.0902001876375 5001.814589393972
1497559133139 4998.193196433888 4994.037568475871 5001.9138382266965
1497559136630 4998.086957431785 4994.016659502558 5001.766161186143
1497559140352 4997.949028672093 4993.969224639816 5001.5531480376085
1497559143389 4997.730153672002 4993.778504956223 5001.360263041177
1497559146578 4997.746941498905 4993.690667672932 5001.535622694443
1497559150166 4997.66874552547 4993.668786052168 5001.383869734366
1497559153811 4997.523594458354 4993.648964916214 5001.101511231672
1497559157276 4997.575980863287 4997.575980863287 4997.575980863287
