1497292969929 5096.258009397693 4992.3805555555555 5196.305745914602
1497292973419 5043.491216795202 4968.858333333334 5118.032796101949
1497292976451 5019.886030654916 4964.76496205905 5071.042925757438
1497292979806 5005.498715203426 4955.281647940075 5059.497030487
1497292983437 5005.647154610901 4958.3407938258 5055.831810344827
1497292986746 5002.708814425708 4956.133775969335 5045.841430499325
1497292990111 5004.237835406985 4963.335179510248 5041.149053661404
1497292994575 4996.129853397539 4957.88127056389 5033.303582218386
1497292998600 5008.164924233022 4972.803638513514 5042.194981823882
1497293002498 5004.825975359343 4971.196785714285 5036.232247730913
1497293006641 5005.22132164243 4975.360682733023 5034.396627573118
1497293011304 5004.107144079105 4981.671526451893 5030.4320566165225
1497293015747 4994.9608541533935 4970.89332994359 5022.081605944657
1497293019911 4997.443734370659 4972.991929776942 5024.3845797349895
1497293024087 5003.961798002504 4976.689380122195 5033.330808521135
1497293027759 5000.223694725911 4974.03442878602 5028.85618753521
1497293031995 5003.324275354577 4977.7978722426615 5032.410756833361
1497293036051 5011.312636742787 4988.523934605264 5036.760852040184
1497293040293 5009.667498877798 4983.589157608696 5035.013059378686
1497293043878 5007.443449455011 4981.772491527165 5033.679190838318
1497293047181 5007.319848385139 4983.920588875822 5031.663295008669
1497293049917 5010.03485201993 4984.681974716168 5035.091247213493
1497293053403 5011.993585689378 4988.446752824808 5035.45143207856
1497293057157 5010.234601987392 4987.199163734692 5031.654361993004
1497293061527 5008.342503932699 4986.3813178057 5029.655594144137
1497293065573 5010.987864928404 4988.272520292559 5034.48605946201
1497293069794 5008.412426650028 4986.25124 5031.972521232184
1497293074281 5009.127229910504 4987.352425232788 5032.395060946104
1497293078560 5007.372697937813 4986.863775 5030.39654920241
1497293082168 5006.671907259461 4985.979242662157 5029.6324843150105
1497293086149 5009.66862000872 4989.839382742195 5031.608621864872
1497293089978 5007.476196174805 4990.076516367528 5027.936062301731
1497293093829 5008.118462892996 4990.053938740492 5028.964159775207
1497293098251 5010.524144091012 4992.441494720284 5031.903765119093
1497293102538 5008.841877419851 4990.830649468863 5030.415090240757
1497293106504 5006.516208996688 4989.030002935708 5026.754286396107
1497293110331 5004.730974358974 4987.062056616143 5025.3110765191
1497293114695 5002.8685109129065 4985.465155 5023.099218349491
1497293119024 5004.0264700854705 4987.450537629943 5024.69585898879
1497293123012 5003.645379372236 4987.121343863972 5024.31666589867
1497293127280 5002.636735792699 4986.610781103021 5021.533081985919
1497293131456 5003.973118118781 4988.973334057788 5022.2006551724135
1497293135811 5003.764306254033 4988.58769504028 5021.837288793104
1497293139879 5002.98737395317 4988.310147036429 5020.725450901804
1497293143981 5003.135769342517 4988.393472984249 5021.025480505917
1497293147895 5002.879883446696 4988.680743571042 5019.858629875823
1497293151706 5004.156884692613 4991.164599150608 5020.476809775865
1497293156211 5002.818847143065 4989.019345090041 5018.233451659071
1497293160203 5002.386086035195 4989.440937317552 5018.595219724458
1497293164559 5002.095252742746 4988.903783193889 5018.569730537059
1497293168603 5003.206745557074 4989.953413632326 5020.024172264875
1497293172645 5001.797941094808 4987.774261459772 5017.690713900162
1497293177211 5000.041761884218 4985.456331368121 5016.006994285967
1497293181167 5001.82082112439 4986.643012160671 5018.460631113117
1497293185703 5001.387655997745 4985.738899473516 5018.034191979321
1497293190189 5002.277410014179 4986.281028573339 5018.839470665492
1497293195113 5004.317636306173 4988.062785082732 5021.245717579123
1497293199413 5003.585902067799 4988.09530622657 5020.414001347779
1497293203628 5003.660918435764 4988.855896642002 5019.389473509218
1497293208128 5003.731103024712 4989.577130940493 5018.55383466222
1497293212246 5003.360825446718 4990.011993857714 5018.205649293578
1497293216925 5003.617464682872 4989.992345 5018.429446220858
1497293220959 5002.735357797146 4989.326621149331 5016.7479468906895
1497293224989 5003.248543656149 4989.311672625796 5017.791329908291
1497293229278 5002.3797775461735 4988.219005398568 5017.296199493181
1497293233436 5002.7017969494145 4987.873775789212 5017.013641085867
1497293237799 5002.453810835629 4987.831945979222 5018.071228784093
1497293242048 5000.871116122336 4986.933224458472 5015.597869640155
1497293246273 5001.324843892813 4988.284180920417 5016.065714483
1497293250755 5000.530476450792 4987.485957346612 5014.464552815378
1497293255277 5000.663377881424 4987.747803933447 5014.9046791919645
1497293259084 5000.629177059487 4987.965531563591 5014.76545241935
1497293263461 5000.379379417857 4987.7756499473435 5015.55795194066
1497293268266 5000.888451353891 4987.9697321428575 5015.666198805027
1497293272397 5001.690285821674 4989.020712630359 5016.2796962891225
1497293275514 5003.2688555956065 4990.766112581117 5016.783484822096
1497293279748 5003.005881172135 4990.932875378624 5015.956812765267
1497293282819 5002.618918053094 4990.588997407571 5016.05649025471
1497293286866 5003.055432874454 4990.827150065673 5016.506686417315
1497293290894 5002.192915538319 4990.438243544803 5015.8972574537065
1497293295197 5001.650468559127 4989.698114292285 5014.909286837598
1497293299508 5002.873591498159 4990.850620535714 5016.180364453669
1497293303684 5002.678083596013 4990.399789802362 5015.378418214347
1497293308183 5002.176571335827 4989.025163960154 5015.710368823939
1497293312560 5002.143561945769 4988.945491181243 5015.663685738663
1497293317324 5001.527135193316 4988.743525389991 5014.989717436426
1497293321748 5000.898045563652 4988.62714914957 5014.177629564706
1497293325984 5001.269864997032 4989.2030188178205 5014.172535295813
1497293330382 5001.436600408313 4988.249047069072 5015.165694149287
1497293334979 5000.901160431713 4987.807965967533 5014.8903917717425
1497293339552 5001.102057289776 4987.854717256343 5015.001156374374
1497293343973 5001.407943009187 4988.075046561907 5014.779312125652
1497293348118 5001.777843741058 4988.9913687421995 5015.709841284569
1497293352609 5001.604103668016 4988.171674856638 5015.968291339268
1497293357199 5000.88187056075 4987.435558694877 5014.652453521682
1497293361307 5000.158471369139 4986.86591557847 5013.6066010211525
1497293364881 4999.5066268585315 4986.544162672814 5013.12547181853
1497293368482 4998.907377665391 4986.012381942248 5012.3385469223
1497293372655 4998.287079316398 4985.698190889323 5011.781075657933
1497293376170 4997.575980863287 4997.575980863287 4997.575980863287
