1496773487317 4926.656557026911 4820.170529077394 5044.743928419259
1496773489798 4927.280222127296 4856.008874458875 5015.605630821337
1496773491818 4958.742558735583 4898.531257668712 5030.690229982964
1496773493826 4964.955894916702 4911.242780172413 5026.141257995736
1496773496042 4977.8319521571975 4929.872161480235 5030.97528957529
1496773498481 4980.198914993593 4935.800109335576 5025.226326164875
1496773500556 4985.863793250747 4946.122093513058 5027.8002507312995
1496773502683 4988.316958564716 4950.730420203735 5027.10029251985
1496773504816 4997.671409653994 4965.692250650477 5032.978439232409
1496773506854 4991.9975224263135 4959.916518046709 5026.033952483801
1496773509461 4991.826061512174 4960.243334809566 5024.550719761499
1496773511630 4995.546381888082 4962.795795023197 5027.212064846416
1496773513427 4986.626200839787 4954.761582733813 5015.643310368659
1496773516089 4992.439598132478 4960.071250547883 5020.001422037422
1496773518362 4995.910484993977 4966.3143555294455 5023.798047913301
1496773520344 4988.120842695189 4959.686649703138 5013.183918708459
1496773522972 4986.066230964738 4960.647768246738 5011.724959947083
1496773525205 4986.507451784456 4959.5521082991 5010.559195489867
1496773527305 4983.458678797975 4957.1280807321045 5007.276803989593
1496773529719 4987.864953760065 4961.94014661492 5010.160855060453
1496773532180 4986.551925639887 4962.346910024288 5010.4554465370975
1496773534564 4985.18030448006 4961.556056342774 5008.639549143224
1496773536476 4984.287991661826 4960.92910403397 5005.804340822892
1496773538655 4982.656550080306 4960.386619493152 5003.100260831123
1496773541114 4987.558367221406 4965.155329087049 5008.184450876068
1496773543684 4989.6894657479825 4967.6084812162835 5010.932164556962
1496773545439 4989.395595101301 4967.5842508561645 5008.928322897827
1496773547363 4990.409606028115 4969.173373287671 5009.735803562847
1496773549642 4993.285404287856 4971.47172599459 5012.181678842635
1496773551377 4995.816328710012 4973.950306748467 5014.2506756952525
1496773553578 4998.8792326454595 4977.724525369535 5017.1659293856665
1496773555622 4994.082181774689 4972.654864935746 5012.905574395931
1496773557341 4991.595229450285 4970.35100083367 5010.480416219997
1496773559624 4990.726653339143 4970.151493758358 5009.787479043314
1496773561459 4991.532417493229 4970.86352148273 5011.509779567614
1496773563536 4992.211002041845 4972.704646166807 5012.10879245283
1496773565984 4992.162236973627 4974.12347196034 5011.3521707421705
1496773567706 4991.283316673928 4972.293280194369 5010.101999141999
1496773569655 4990.2191651502335 4971.485419018672 5009.316027456028
1496773571935 4992.780313709409 4974.0215490530645 5011.178667685321
1496773573838 4994.391696781745 4975.244440003911 5011.895588491718
1496773575984 4993.685179964289 4975.192831089883 5011.035788866064
1496773577829 4994.520384276939 4975.9316889731135 5011.476461926798
1496773580016 4994.942589618289 4976.382271762208 5011.652786137631
1496773581815 4993.634602569798 4975.874830329376 5010.092755674804
1496773584047 4995.838285548303 4977.897700663118 5012.3059135226795
1496773585756 4994.347973550217 4976.507417860152 5011.404290176904
1496773587689 4996.005698322113 4978.83129235074 5012.603774911251
1496773589770 4996.380753852988 4979.950804512669 5013.455983050848
1496773591598 4995.559221542562 4979.2056571428575 5012.167140837008
1496773593754 4996.318133471164 4979.821955211025 5012.709942652122
1496773595423 4997.58678444958 4980.876659348151 5013.718824143595
1496773597538 4996.86441011008 4981.082209971598 5013.471520675856
1496773599563 4999.601517280855 4984.665570152952 5015.116331897137
1496773601251 5000.160113283469 4984.844798301486 5015.100075589151
1496773603348 5000.936938553214 4986.245277988556 5016.68106918239
1496773605425 5000.752854488371 4986.4648920243635 5016.974470338983
1496773607384 4999.945742295124 4985.592084768445 5015.831648636231
1496773608997 5000.000854317507 4985.488442275043 5015.343465185247
1496773611173 5001.2880972213325 4986.974685141187 5016.479662503655
1496773612753 5001.515394867239 4986.744227504245 5016.858250389329
1496773615105 5000.867738270171 4985.609376596397 5016.093833449035
1496773616867 5000.408198920138 4985.348431543153 5015.440596951736
1496773618703 5000.233481700441 4985.430096806759 5015.257039832285
1496773620345 5000.832638485459 4986.240256600225 5016.1446720613285
1496773622530 5002.730905922154 4988.466121583433 5017.741265876376
1496773624918 5001.925293886477 4987.597593919965 5016.905626615982
1496773626730 5001.435998530567 4986.869019189766 5016.514165691429
1496773629029 5001.902551857294 4987.519175103992 5016.492636229749
1496773630679 5002.261558965246 4988.347087185459 5016.658430413517
1496773632819 5002.003784642723 4988.6026193171565 5015.875834563882
1496773635289 5002.4899446399895 4989.1106177737665 5016.130992848128
1496773636965 5002.214626832519 4988.764896112601 5015.651072780816
1496773638588 5002.218039845538 4988.8043541984225 5016.364706998896
1496773640676 5001.198531421932 4987.8422954599 5015.091745898191
1496773642723 4999.0978458200025 4985.785859132081 5012.620092553639
1496773644271 4998.526430673678 4985.6889132266215 5012.049771089445
1496773646411 4997.831561321299 4984.553904802022 5011.151289183223
1496773648929 4997.693908236973 4984.817247617691 5010.866058056374
1496773650504 4997.304541163505 4983.667205376294 5010.107205056241
1496773652377 4997.108251496136 4983.317292044255 5010.063091258268
1496773654886 4996.560458430691 4983.065071851946 5009.515304749895
1496773657072 4996.973533017518 4983.5328107719415 5009.59432576769
1496773658736 4998.219830587391 4985.2343357687105 5011.117585520643
1496773661049 4997.979372327565 4984.950665326058 5010.7699067401445
1496773663753 4997.770383121959 4984.517175787929 5010.507250772303
1496773665465 4997.94340098162 4985.261347143284 5010.612603471295
1496773667007 4998.1154021947605 4985.233805905851 5010.280355974575
1496773669531 4998.549552974546 4985.87122859589 5011.472853472442
1496773671938 4998.875627394779 4985.71616947967 5011.331461011139
1496773674354 4998.178263413967 4985.482346947147 5010.945681934298
1496773676765 4997.75562466094 4985.456815418261 5010.31346637744
1496773679136 4997.526938996937 4985.137123284336 5010.016008523906
1496773680700 4996.612313330827 4984.502180859157 5008.7061116348905
1496773682260 4997.634681019201 4984.9548118399525 5009.715153425809
1496773684276 4997.374323487324 4984.575356315696 5009.585713973942
1496773686467 4996.37793725038 4983.783458906328 5008.181437100748
1496773689361 4996.3999530125375 4983.885531544166 5008.885833703868
1496773691745 4996.676461416886 4984.671289735208 5008.626934801016
1496773694022 4997.575980863287 4997.575980863287 4997.575980863287
