1497296800535 4982.267068273092 4943.366179522656 5019.325989986345
1497296824557 5011.619289665336 4985.22000245128 5039.660568840106
1497296846825 5004.529101742696 4981.730137048083 5028.180078089547
1497296859206 5004.197331738215 4984.7886914990695 5024.105612064167
1497296873287 5005.255701870572 4986.72321039158 5024.566468740799
1497296887400 5006.507744237219 4989.994869727568 5022.737581395349
1497296902536 5002.460542953565 4985.942189188497 5017.945849286317
1497296916843 4999.799897476425 4984.822514405123 5013.261054464286
1497296930417 5000.29004684596 4986.72979010108 5013.0110476105165
1497296947685 4995.907048365946 4982.99079870381 5006.805338317371
1497296961770 4997.704931541257 4986.315958662454 5008.338618613115
1497296977590 4998.041315292032 4987.820774263928 5007.90368121535
1497296992515 5000.531941578774 4990.732569915751 5009.942819406421
1497297007409 5000.202014574866 4990.579742063931 5009.468703668862
1497297023185 4999.423986810518 4990.185801670729 5008.252461160714
1497297038764 5000.831473255291 4992.214154478325 5009.7101209114535
1497297055441 5002.736081188174 4994.552563461042 5011.030088335192
1497297070043 5003.407583112507 4995.469203315248 5011.159341747806
1497297085548 5001.620904375003 4994.0348118855445 5009.3762101305265
1497297099109 5001.553928206793 4994.049423105955 5008.98066389358
1497297113599 5000.103693675759 4992.995762543104 5006.956137233443
1497297127867 4999.486033493301 4992.514126690897 5006.634420902284
1497297143673 4999.072997483906 4991.926020289105 5005.800613246753
1497297158275 4998.130051654994 4991.4813972524735 5004.573827574922
1497297172352 4999.22773112977 4992.6897054077235 5005.575029418913
1497297185936 4999.247965482624 4992.790284167113 5005.52178384242
1497297199566 4999.527343716627 4993.282464418331 5005.884749067174
1497297209957 4999.2969228633365 4993.253268249182 5005.503652256879
1497297223880 4998.542252705873 4992.68765068426 5004.550289067749
1497297237300 4997.726999444658 4991.987198120281 5003.550236401726
1497297253116 4998.189307385643 4992.431477726572 5003.7715558050295
1497297266662 4997.615025269247 4991.7371826728 5003.471243911063
1497297279167 4997.984707668082 4992.248815541613 5003.638735837033
1497297293753 4997.594627478825 4991.9638508325825 5003.101739447194
1497297308843 4997.544771136425 4991.815556343093 5003.448278832333
1497297320952 4997.8269883732455 4992.087713073628 5003.263817932883
1497297336548 4997.475367634651 4991.8602183742605 5002.816926530345
1497297348746 4996.659387161403 4991.26843297131 5002.17898858744
1497297361137 4996.982710576017 4991.767733237663 5002.1923581235305
1497297375208 4996.389068308441 4991.212964679094 5001.424636574074
1497297390767 4995.886131679349 4990.635593716091 5001.045776567004
1497297406347 4995.713895680191 4990.306473225722 5000.567483759324
1497297422654 4995.317057697459 4989.973532146197 5000.048566113203
1497297435955 4995.2286319208915 4989.883976097451 5000.121146563996
1497297448363 4995.153802380539 4989.948588980376 4999.986899626351
1497297463303 4995.019718382064 4989.765367720979 5000.03684010345
1497297476529 4995.386546171013 4990.173817114726 5000.439227390163
1497297492838 4995.605845936558 4990.450372244454 5000.699929782516
1497297507617 4995.725610428182 4990.908820403919 5000.447131495818
1497297522639 4995.794543582558 4990.721711128832 5000.526511057013
1497297538739 4995.817615726777 4990.878243375495 5000.6072199010105
1497297553969 4995.868321816492 4991.261201892346 5000.762363237683
1497297570283 4994.986510594668 4990.393380301404 4999.931204518135
1497297586938 4995.027314282785 4990.710262033784 4999.918928441407
1497297602182 4994.575718040205 4990.148687488342 4999.612216512317
1497297618899 4995.016155029501 4990.418464678468 4999.911141861538
1497297636725 4995.1180945814385 4990.452136182921 4999.9272887015
1497297651516 4994.852504040222 4990.095717548984 4999.670433209576
1497297675933 4994.613657335021 4989.8224740670685 4999.364318491037
1497297695030 4994.817752915067 4989.96465662391 4999.885025807529
1497297712375 4995.275380520918 4990.468129029685 5000.263563332446
1497297731005 4995.291286788484 4990.630393595221 5000.194399820958
1497297753831 4995.3591772969785 4990.673064854441 4999.944162644933
1497297772310 4995.570794146595 4990.988189684381 4999.838066545841
1497297795464 4995.896662261002 4991.332583490332 5000.331561686598
1497297812406 4996.159658498931 4991.570110887421 5000.74077902804
1497297832215 4995.937821716029 4991.3081148530055 5000.306385274172
1497297853465 4995.988483072752 4991.197235275911 5000.238178061285
1497297869425 4995.793755382334 4991.102203780343 4999.810561859568
1497297887821 4995.462186535943 4990.803636452404 4999.599833546377
1497297908694 4995.882345754794 4991.355231519818 4999.852812756606
1497297927035 4995.978534662093 4991.311375162176 5000.263650784848
1497297943487 4995.828881377479 4991.118053292376 5000.123761940199
1497297963446 4995.907247616208 4991.117784268437 4999.707003253848
1497297979869 4995.856119883438 4990.941931529458 4999.834462604198
1497297999662 4996.088031640422 4991.329330707863 4999.941780041974
1497298019120 4996.267928089016 4991.651532075924 5000.288209185062
1497298036808 4996.325910063874 4991.662523248786 5000.136265335108
1497298057215 4996.245660633658 4991.671816416538 5000.096915277778
1497298072322 4996.392720801597 4991.792771789615 5000.204701503403
1497298093025 4996.512500053395 4991.928124328719 5000.516909389184
1497298107576 4996.401628493772 4991.910200912027 5000.369552950755
1497298120987 4995.898351543909 4991.592363357753 4999.917211326969
1497298137191 4996.485342424442 4992.336584953368 5000.329683013738
1497298154095 4996.401788422158 4991.998634348425 5000.272363359493
1497298174017 4996.486940193313 4992.172571081809 5000.357147532631
1497298196284 4996.950012536911 4992.823750828132 5000.773569145642
1497298216243 4996.95324715155 4992.937772157831 5000.631904202383
1497298232358 4996.927554264997 4992.924391523979 5000.5966689558
1497298250105 4996.782195566085 4992.715928201349 5000.526732265949
1497298265025 4996.878464500906 4992.8558719476505 5000.624312594192
1497298282447 4996.331749884242 4992.33377124927 5000.092733221028
1497298299297 4996.448732280179 4992.145825218423 5000.269596814681
1497298315945 4996.666409947216 4992.585329387647 5000.353354222139
1497298331972 4996.784729145683 4992.764836258877 5000.581368728949
1497298350226 4997.049477654942 4993.096028719454 5000.879414253876
1497298366817 4997.125200495328 4993.331919680703 5000.765886890921
1497298383451 4997.66045755068 4993.728556034806 5001.31425540449
1497298402237 4997.65316010696 4993.87738952987 5001.325767268817
1497298409381 4997.575980863287 4997.575980863287 4997.575980863287
