1497558783058 5003.832386970073 4963.21295189035 5033.939595039721
1497558787445 4997.837825715506 4971.976669889445 5021.834691476847
1497558791509 4999.583588285733 4980.2275847183255 5019.169499244055
1497558795928 4994.774414083364 4977.012020178953 5011.621271993232
1497558799843 4997.163776674387 4981.058957720775 5012.036473388104
1497558804197 4996.132118195026 4981.4475228422925 5010.425354908662
1497558808522 4994.839298585626 4981.361232879548 5008.4145015689155
1497558812761 4994.427423548024 4982.354671522043 5006.757563086676
1497558816835 4992.79191231325 4980.691040917319 5004.339959249562
1497558820211 4992.892788482078 4982.345168032562 5003.755353142965
1497558824040 4993.669535181783 4982.872249420205 5003.877947354301
1497558828080 4993.908270437712 4983.651306853886 5003.334420228194
1497558832304 4994.584866820588 4985.068626900163 5003.478879959444
1497558836538 4992.63701799969 4983.001723338637 5000.715168455582
1497558840250 4995.684443857837 4986.380495548858 5004.261049323607
1497558844138 4993.349856014379 4984.606043143628 5001.500228744435
1497558848067 4992.438279261802 4983.940732765661 5000.957750190768
1497558852023 4994.688481058182 4987.12703425448 5003.158852569872
1497558856042 4993.839308710273 4986.085181071892 5002.010300439106
1497558860484 4992.997922067938 4985.391370845384 5000.864120607438
1497558864414 4993.091033733377 4985.960656047481 5000.736442613546
1497558868643 4993.9252656985645 4986.983402914834 5001.39870876586
1497558872948 4995.329664978574 4988.514157853785 5002.154501056577
1497558876395 4995.702870872667 4988.544530626087 5002.1889901995355
1497558879632 4994.871162688181 4988.108630868611 5001.045066266524
1497558883559 4994.03144958737 4987.428539474703 5000.222279702851
1497558887651 4994.414438458131 4987.837189570544 5000.825365990203
1497558891971 4993.635031467039 4986.861335328658 5000.132635816306
1497558896331 4993.780997209304 4987.236408334797 5000.36113757584
1497558900672 4993.559511655425 4986.707250685825 5000.100985144448
1497558904871 4994.116661234536 4987.664947817522 5000.7717931336665
1497558909470 4993.469490950535 4986.9930291965475 4999.913747855454
1497558913501 4993.735008917605 4987.446888229814 4999.988517147709
1497558917534 4993.8329268600055 4987.709359738339 5000.0763540752505
1497558921744 4993.073389576874 4987.111564923932 4999.290683304615
1497558924813 4993.56607311897 4987.231518630541 4999.4506345636655
1497558928367 4994.387759731092 4988.296331148498 5000.462296850868
1497558933086 4994.032945810939 4987.980915994827 5000.138773137501
1497558937741 4994.408244399109 4988.230764501799 5000.593440021713
1497558942106 4994.967066510272 4988.939188742738 5000.980497036964
1497558946464 4995.552429191215 4989.681239273993 5001.380589631711
1497558950996 4996.326981785129 4990.549016247118 5002.08397401308
1497558955658 4996.2163268148015 4990.471794228722 5002.060564226027
1497558960218 4996.236931379383 4990.448269728688 5001.960452449063
1497558964606 4997.122253887869 4991.183710155141 5003.043901330875
1497558969120 4996.944367225349 4991.321667532535 5002.6863392796295
1497558973612 4997.614384489966 4991.938991620314 5003.15137353391
1497558978127 4997.621628894912 4992.209955710692 5003.178644993636
1497558982668 4997.635750887649 4992.502257820833 5002.975100795571
1497558987359 4997.444833071622 4992.49444567534 5002.820581609127
1497558991917 4997.605166831909 4992.632413623365 5002.824158157782
1497558996409 4997.720030038843 4992.65393907261 5003.051159235831
1497559001380 4997.576047925679 4992.570184738549 5002.743567132475
1497559005642 4997.529478378621 4992.530900753073 5002.510304530858
1497559010470 4997.655235341761 4992.786542118897 5002.879502756317
1497559014878 4997.127942104962 4992.250865704679 5001.90816478152
1497559018426 4997.506162940509 4992.4403452453535 5002.212819805857
1497559021939 4997.57091553733 4992.687045165697 5002.432592901508
1497559026272 4997.2602844062685 4992.559270634692 5002.360759251007
1497559031098 4997.612325059442 4992.880352438226 5002.396075223092
1497559035567 4997.712571210345 4992.914758132746 5002.423131580223
1497559040095 4997.65491307405 4993.052063781465 5002.212936152085
1497559044854 4997.757471799071 4993.236024885334 5002.499023177073
1497559049646 4997.595935243086 4993.11105392459 5002.216774083026
1497559054005 4997.667771026696 4993.080039127098 5002.350788143666
1497559058407 4997.474145074976 4992.9798243621935 5002.087875542745
1497559063230 4997.410696817704 4992.801676387953 5001.909991241725
1497559068393 4997.361764684524 4992.605424349418 5001.631532467855
1497559073551 4997.396038250549 4992.697110626306 5001.494538614491
1497559078471 4997.508323394527 4992.991245007814 5001.569972702909
1497559082855 4997.332149206781 4992.7342129034505 5001.262832310882
1497559087362 4997.487445684398 4993.158136203956 5001.360753687688
1497559092252 4997.787091628769 4993.281777996899 5001.7835205751935
1497559097297 4997.777172612945 4993.307385888972 5001.931241024712
1497559101829 4997.806551252489 4993.397953526977 5001.897144221331
1497559105941 4997.722067492525 4993.256449588073 5001.840498107082
1497559109292 4997.008994111858 4992.561622873277 5001.568763376785
1497559113741 4997.521805751047 4993.115225155397 5001.905626444901
1497559118124 4997.683139395804 4993.362543678333 5002.163360573234
1497559121073 4997.964342787331 4993.484514818839 5002.316208631285
1497559124042 4997.69225919251 4993.521867110457 5001.9334762722
1497559126962 4998.161959629804 4994.062432768685 5002.2439444529
1497559130208 4998.12081210338 4993.975844889455 5002.319701250297
1497559133525 4997.999014542651 4993.9634460852985 5002.2479962885545
1497559137079 4997.974063569222 4993.905855423703 5002.025175655039
1497559140660 4997.958083857913 4993.936970441278 5001.9419757372825
1497559143565 4997.674547664875 4993.821880927134 5001.621697090803
1497559146850 4997.3787160263055 4993.337375916254 5001.4015288124
1497559150309 4997.574177027024 4993.465169827011 5001.803549973754
1497559153968 4997.6453172300935 4993.5713358600815 5001.823975823715
1497559157328 4997.399435551459 4993.456346636946 5001.495913220911
1497559160269 4997.236206783134 4993.333227103614 5001.188626488826
1497559163437 4997.476594901254 4993.677031600374 5001.2771346502495
1497559165989 4997.549064887599 4993.680450316596 5001.355592770691
1497559169829 4997.756591675171 4993.917292057536 5001.803153563273
1497559173183 4997.542992113741 4993.763105728568 5001.4835397293045
1497559175368 4997.5242270632825 4993.491038739054 5001.451962699495
1497559178340 4997.467021180258 4993.563155756243 5001.184931090111
1497559181000 4997.43435413059 4993.571519700725 5001.108853964217
1497559183801 4997.575980863287 4997.575980863287 4997.575980863287
