1 5105.289192652713 4982.813993915689 5218.90932311622
2 5041.567065356685 4954.535114840989 5118.138390996249
3 5034.035168731311 4963.612930310664 5097.8444232475595
4 5014.373558308415 4955.595302152318 5074.602702108963
5 5008.218026484408 4956.0518204911095 5062.67314620863
6 5027.882669799231 4979.925853554704 5075.337973828619
7 5024.264109354976 4982.340675281367 5066.701307821699
8 5015.788709953012 4977.7705993150685 5053.885140815469
9 5014.644310123878 4977.861012006861 5055.53408974359
10 5012.383255019223 4977.504581757041 5048.795962994112
11 5010.2858137548055 4975.1950470890415 5044.615893390192
12 5002.101627509612 4971.488090034965 5034.0945414847165
13 4999.53520717642 4970.904198071867 5027.924579517069
14 4995.914075181547 4967.611737677527 5025.248383284086
15 4997.06270824434 4968.086357020548 5024.585901639344
16 5000.000610834409 4973.449310771771 5026.24668195758
17 5000.83539437432 4974.715512494483 5026.570256410257
18 5004.811136028705 4978.938940266337 5029.815097913776
19 5009.556976570342 4983.887131101633 5034.22612484993
20 5007.310928856709 4982.415996578272 5032.145729478232
21 5004.844000956839 4979.049579828346 5028.608416309013
22 5003.714041622527 4979.462363273656 5026.983743697479
23 5001.872595085944 4977.596983167889 5023.9551937359565
24 4998.819648532276 4975.943695912193 5020.508657917019
25 5002.571728804292 4979.310526853523 5024.290964181732
26 5008.057530232419 4985.3753510889655 5030.324747647562
27 5006.719768648843 4983.4748549934075 5027.379270386266
28 5007.7799686462795 4984.824156921087 5028.881569732648
29 5009.859980435962 4987.25366542267 5029.888045988049
30 5008.620748132233 4985.642541736227 5028.819764353042
31 5010.723553307732 4988.042572773973 5030.662555272146
32 5008.648650380388 4986.667936154006 5027.782630519897
33 5005.70298497262 4983.945437687435 5024.801393893419
34 5006.446628649537 4985.242270984235 5023.704377682403
35 5006.3537899660405 4985.912552653749 5024.489958563353
36 5005.899651865616 4984.857737994946 5023.256796347183
37 5006.169855406762 4985.92013355172 5023.313299311998
38 5007.554392259884 4986.909537701497 5023.435558823529
39 5005.45742295124 4984.722036033766 5021.130386787793
40 5004.919446402256 4984.226185053532 5020.262044904861
41 5005.132552199023 4985.396293294248 5020.441298319328
42 5005.714062980555 4986.275599736268 5020.743113445378
43 5006.261418002256 4986.8217612550925 5021.4860371517025
44 5006.415709123217 4987.19657622739 5020.824376964924
45 5007.088477014686 4988.772054263566 5022.286839183977
46 5007.521118638565 4988.958890453246 5022.624690622125
47 5007.7381912467 4988.9770286472285 5024.1823754789275
48 5007.3774529486645 4988.885656519802 5023.259610111397
49 5006.395000555304 4989.466897102965 5022.808915931307
50 5005.900925221908 4988.872477568841 5021.961781882622
51 5004.3904700882085 4987.181920808762 5019.729208639327
52 5003.853061660366 4987.066511627907 5019.684980817306
53 5004.152922833771 4987.80144759928 5019.4913071085175
54 5003.730881442088 4987.388659942175 5018.933824162753
55 5002.488020332757 4986.1388540485 5017.580306695464
56 5000.670818649751 4984.793677385666 5015.617277332208
57 5001.0372952307725 4985.842214502441 5015.39517062635
58 5000.4418572862605 4985.033723593245 5015.2514071856285
59 5001.74344418103 4986.592146938776 5016.179216221486
60 5001.496294397813 4986.57591053479 5016.190818754958
61 5000.275642449509 4985.237367346939 5015.198371029969
62 5001.275492943308 4986.505720206905 5015.701930819591
63 5000.694541742132 4985.692316487034 5015.215788462881
64 5000.661137784916 4986.269746208669 5015.256546242063
65 5001.715446980829 4986.8879252245115 5015.9976567495705
66 4999.346320438779 4984.843179611435 5014.088182659403
67 4999.266966818166 4984.533895806305 5013.2201898159055
68 4998.670697638657 4984.7100693877555 5012.5772497531425
69 4998.006958445819 4983.99485798237 5011.59058506013
70 4998.564108259577 4984.383991002679 5011.961625487646
71 4998.919484502614 4984.72467140379 5012.5180087738245
72 4998.172457540239 4984.314421829456 5011.270386699424
73 4999.38447869323 4985.376753907979 5012.592952013711
74 4999.9659424871 4986.110760541919 5013.344352063719
75 4999.837918190206 4985.788294761043 5012.967308245
76 5000.266985045044 4986.507903263184 5013.321165289256
77 5000.772612909702 4987.386537470191 5013.866838046272
78 5001.681007932406 4988.875314606286 5014.607507356032
79 5001.437106743613 4988.328299120235 5014.365338474721
80 5000.680008372383 4987.356069609507 5013.772342647193
81 5001.2181432959 4987.939801062696 5014.149641388379
82 5001.5434872684245 4988.29770925611 5014.4614081924565
83 5001.059093646813 4988.230288624788 5014.277234131988
84 5001.217968159314 4988.2750449468 5013.624102896671
85 5000.451925007368 4987.356084520422 5012.923468448607
86 4999.911585925853 4986.838892190152 5012.196164209314
87 4998.072882449178 4985.284014734113 5010.663677861784
88 4997.551479476982 4984.751123616804 5009.46797619755
89 4998.633893483238 4985.756348071638 5010.377045770942
90 4997.21927433961 4984.655141313383 5009.487704280155
91 4996.80229726959 4984.474079387447 5009.157049228585
92 4997.197655742747 4984.86706122449 5009.23936382054
93 4997.589383350989 4985.419985387695 5009.560624279774
94 4997.1880617161605 4984.886241320181 5009.373577592134
95 4998.287564501247 4986.265276776134 5010.429959933449
96 4997.781849092711 4985.973924063818 5009.804971023932
97 4997.047730923008 4984.838114789673 5008.949648480473
98 4995.846709809701 4983.236892256106 5007.674658280923
99 4996.635099634779 4984.353675712437 5008.163183637172
100 4997.575980863287 4997.575980863287 4997.575980863287
