1497296781066 5013.826564637483 4972.802168528298 5051.375123821009
1497296806846 5012.096222060772 4983.893187977833 5039.624384796724
1497296836566 5010.22672791761 4988.044705190712 5028.414133991972
1497296851901 5008.249682263353 4989.852382467223 5024.944737556508
1497296865948 5007.473330314499 4991.225259893632 5023.080190131281
1497296880213 5005.159025574941 4990.3518574074915 5019.334459087119
1497296895427 5000.579021956608 4986.765797411908 5013.166717049827
1497296910367 5002.7949052069425 4989.004830412156 5014.850120109139
1497296924655 5005.49985473115 4993.7944057695795 5017.750091627112
1497296939352 4999.977407141514 4988.668934258815 5011.474544970093
1497296955853 4998.872360499653 4987.562101453031 5010.47355969629
1497296969625 5001.68820561643 4991.457713165321 5012.221981386413
1497296985193 5002.313349222518 4992.250341818377 5012.550940217727
1497297000968 5003.818873432124 4994.608115242123 5013.772677773291
1497297017521 5003.3217891282075 4994.4535808653645 5012.080403306742
1497297032072 5003.6867820867465 4994.774491424512 5013.073980228363
1497297046479 5002.8988298722215 4994.570424550482 5012.097937667838
1497297061140 5001.210211217217 4992.964970913827 5010.0000567091465
1497297076821 5000.793833448955 4992.798426443227 5009.118726318491
1497297091269 4999.253650243065 4991.668751389989 5007.045907273539
1497297105912 4999.376044498041 4991.87014869092 5006.838182960769
1497297120871 4998.180022861673 4990.563408158317 5005.643771366831
1497297133010 4999.388090654312 4992.344778578299 5007.0281688018285
1497297147494 5000.5008824534425 4993.896041361361 5007.746400906547
1497297161639 4999.522422152896 4992.9157071594855 5006.9567485629705
1497297176258 4999.3639660610825 4992.984125398705 5006.44087667255
1497297190131 4999.658448153621 4993.076358923258 5006.760230576298
1497297203372 4999.624508977747 4992.589301348206 5006.596610280262
1497297217148 4998.760370645618 4991.982606591421 5005.93713363842
1497297232531 4999.370446984332 4993.021556110399 5006.294471164857
1497297245825 4999.013318013489 4992.78368642907 5005.822413218931
1497297260005 4998.597824861266 4992.330212115005 5004.699594357164
1497297276001 4998.981087871327 4993.07638613543 5004.98548586063
1497297287020 4999.666921237299 4994.019215124601 5005.566880157829
1497297301464 4998.724830876027 4993.095855591356 5005.011561354942
1497297313048 4998.946550988407 4993.108970395123 5005.31080968583
1497297328007 4998.681882913961 4992.846350017946 5004.87178815171
1497297342211 4998.879007597558 4993.098863394871 5005.0209924174815
1497297354543 4998.69125322328 4993.065890421156 5004.585986666991
1497297368194 4998.416763981018 4992.976743357732 5003.942115842691
1497297382879 4997.443240218691 4992.100654796665 5002.859230701716
1497297400255 4997.28396030943 4992.079646664036 5002.681984413903
1497297414888 4998.254375057931 4993.204723832026 5003.4335672624475
1497297427636 4998.060982819202 4992.9791963604675 5003.433941451535
1497297442347 4997.6308541015715 4992.38173142084 5002.582638265055
1497297459120 4998.141470586727 4992.792502703803 5003.257203406929
1497297472411 4998.19869896487 4993.15757431599 5003.342399216485
1497297486980 4998.445413317626 4993.427605405138 5003.5572598587405
1497297500630 4998.54853223287 4993.669137045029 5003.5975329449
1497297516313 4998.586985660648 4994.013660924532 5003.547105850795
1497297532276 4998.749748733416 4994.272922988456 5003.7487571293905
1497297548284 4998.309563817873 4993.8782504267165 5003.353557080819
1497297563308 4998.779166344536 4994.2856463878325 5003.561245773623
1497297580151 4998.6369808422705 4993.988767828466 5003.55745488953
1497297596394 4998.873719235599 4994.293811979788 5003.603955281214
1497297611841 4999.390980491317 4994.977271355573 5003.940222885078
1497297628917 4999.468800080642 4995.075581547376 5004.147758710004
1497297647663 4999.196457120549 4994.966614231024 5003.7307737244955
1497297671026 4999.249893858848 4994.8644981491525 5003.859948564964
1497297690964 4998.926234952457 4994.727507172459 5003.392828109661
1497297708999 4998.822236327399 4994.530289928723 5003.2389551446695
1497297730055 4998.8138139241255 4994.463339106301 5003.184785270847
1497297751670 4999.225139320948 4994.833249131377 5003.577894695892
1497297770341 4999.269807763442 4995.00470190316 5003.631045284143
1497297790566 4998.830874720971 4994.532304590011 5003.047225953359
1497297809061 4998.310062115622 4993.922591485303 5002.347424239395
1497297828013 4998.285691890994 4994.041927318886 5002.336376767494
1497297842948 4998.350419095891 4994.045256888298 5002.590758968176
1497297863197 4998.282299879845 4994.107875195281 5002.4491239037825
1497297881092 4998.308825263122 4994.215108914145 5002.497486547438
1497297898925 4997.990077792092 4994.162841259888 5002.2007656114965
1497297920004 4998.041249839819 4994.092360079342 5002.314300428106
1497297936763 4997.9023345178275 4994.018236852489 5001.850061131442
1497297957954 4998.22430726121 4994.321450689138 5002.270102431332
1497297972609 4998.280251163983 4994.384777628888 5002.246510025581
1497297991630 4997.625235466033 4993.846328473239 5001.597183249043
1497298008762 4997.913879219721 4994.065406856415 5001.749222672176
1497298026848 4998.086938023885 4994.168988049945 5001.869047154428
1497298047509 4997.724108369019 4993.8454062471765 5001.680481203687
1497298064985 4997.795575758767 4993.980229133334 5001.797545995935
1497298079308 4997.4742808716255 4993.54319642312 5001.361194991813
1497298098291 4997.825926069891 4993.900701105776 5001.850273622947
1497298113147 4997.489166557031 4993.710064485825 5001.436088659929
1497298126833 4997.583658077862 4993.884819672646 5001.419690778269
1497298143165 4997.315062571522 4993.545201650022 5001.002657540188
1497298158061 4997.294209911891 4993.353461009835 5000.983580897978
1497298177940 4997.279627025568 4993.448643259816 5001.0381857743205
1497298201929 4997.343312979349 4993.440147102379 5001.030898061342
1497298214533 4997.655416116164 4993.599611583567 5001.283308424472
1497298231142 4997.656901708544 4993.785414386046 5001.304279946445
1497298245668 4997.471061975027 4993.612376397315 5001.037318517841
1497298260146 4997.417982739414 4993.584795261153 5001.073159868982
1497298277140 4997.272474396257 4993.245045894574 5001.034111067044
1497298295313 4997.525546213677 4993.5175211494 5001.338731702494
1497298311864 4997.624532267158 4993.727542775355 5001.408800488367
1497298326923 4997.743123114375 4993.9126535379655 5001.470880688888
1497298347696 4997.8985665107975 4994.046367122902 5001.814983199809
1497298364825 4997.618858064533 4993.888724557287 5001.310372534515
1497298380021 4997.522400772293 4993.781857054097 5001.1982112104115
1497298395670 4997.575980863287 4997.575980863287 4997.575980863287
