1496773396336 4964.760358821017 4840.277424819991 5081.799057412168
1496773397903 4946.332123024348 4862.326344769165 5034.871196331805
1496773400443 4955.136975651431 4886.270995670996 5024.667528041415
1496773402352 4984.479495941905 4927.697880993151 5047.44954413593
1496773404304 4979.8640751815465 4931.054608394635 5030.752830991912
1496773406675 4974.85732592909 4927.332831972497 5023.647102005975
1496773408424 4991.4250918410935 4946.6650151449585 5036.91958649789
1496773410141 4991.160879965827 4950.049717373234 5031.219656172328
1496773412645 4994.550474156344 4955.45632542655 5033.1375376884425
1496773414723 4994.5069201196075 4957.066982758621 5032.194175588865
1496773416696 5003.5277627088235 4970.288225296993 5038.851016600044
1496773418802 4999.806392775984 4967.98202000717 5034.085005612054
1496773420681 4999.068865945914 4965.783744601694 5032.146401569828
1496773422873 5000.158166992016 4967.505273241852 5031.381978586724
1496773424532 5000.37928545189 4969.220786038226 5029.862696186771
1496773426150 5002.181033378042 4972.41902801963 5031.339016963134
1496773428691 5000.419645031076 4971.094752694649 5029.365006397801
1496773430309 5005.673116763845 4977.517462893465 5031.940420641804
1496773432438 5007.288336430234 4978.785279945419 5033.907606244579
1496773434475 5004.886845646184 4978.447780046736 5031.1226124976465
1496773436657 5000.450439752423 4974.768862598588 5024.8018698264095
1496773438698 5006.157640244502 4980.440110054985 5030.830375271821
1496773440547 5005.487710800144 4979.5388615334205 5030.92694664624
1496773442254 5007.0879707148715 4980.941571858579 5031.83407101491
1496773444759 5009.66175164024 4984.61694193798 5033.260136823422
1496773446755 5010.728291280632 4986.129467481449 5033.205835702778
1496773448552 5006.649439795652 4982.546006097695 5029.393373799342
1496773451168 5009.187117167144 4986.978364410214 5032.164753522582
1496773453235 5006.973995130495 4985.3218057490185 5028.537667984189
1496773455073 5006.070108068857 4984.535946568795 5025.471097127692
1496773457198 5004.094989940583 4983.385706082234 5024.081668662983
1496773459635 5003.918580661145 4983.704283791204 5022.888784437867
1496773461349 5002.562520022724 4983.03313713851 5021.240729349736
1496773463140 5003.411946622926 4984.075046105831 5021.951059082129
1496773465392 5000.797542160029 4979.903376877316 5019.296579106812
1496773467891 5000.2559118013905 4981.180332233454 5017.804300563014
1496773469641 4998.26218668307 4978.627323704333 5016.586482346699
1496773471731 5001.095460622707 4982.161709106604 5018.998188242466
1496773473761 4997.766226554524 4978.939298035033 5015.517951810786
1496773475612 4996.817117813649 4978.980466158784 5014.082428929766
1496773477829 4995.950774645782 4978.218327522637 5013.613978108071
1496773480362 4996.516302374555 4978.39404582282 5014.266993086365
1496773482371 4997.6035086670145 4979.8661394769615 5014.1674440569
1496773484256 4996.944584931613 4978.099041440056 5012.944650795135
1496773486516 4996.267605272825 4977.652761040033 5012.193154371391
1496773488840 4997.199520729926 4979.512096536509 5013.3197563025215
1496773490526 4998.583000862857 4980.282049044056 5015.309095642257
1496773492910 4998.8836680819795 4981.742853432463 5015.355218311475
1496773495384 4999.166834681725 4982.045959554272 5015.200230129834
1496773497382 4999.788694010405 4982.9110335325395 5015.7229846566515
1496773499229 4998.910642660345 4981.720711479703 5014.209041966935
1496773501304 4999.569167681168 4982.768338997451 5014.81759084134
1496773503945 4998.460823134918 4982.164342997078 5013.996745614035
1496773505800 4999.770248392815 4983.845178268251 5015.134109649122
1496773507672 5000.002819223689 4984.681447936296 5015.246122153743
1496773509849 5000.657566839095 4985.5423419099225 5016.408879347434
1496773512144 4999.5114883365295 4984.53102138804 5015.087378386518
1496773514299 4998.765648894091 4984.354139894301 5013.584252739391
1496773516356 4997.575717837219 4983.230616153206 5012.70992033543
1496773518738 4997.846599403689 4983.028475591444 5012.811007663828
1496773521140 4997.097079955234 4982.365395503747 5012.9636310272535
1496773523968 4995.945721169043 4981.575939138984 5011.801236104936
1496773526071 4996.309163370439 4981.605801554003 5011.933442348009
1496773528532 4996.10852348936 4982.122522442089 5011.527044293015
1496773530878 4996.622440262104 4982.635024979184 5011.968392932267
1496773532778 4996.316403680384 4982.37811624947 5011.6317469823625
1496773535566 4996.894000555307 4982.793875899477 5011.635136127441
1496773537793 4994.665150253091 4980.371796809222 5009.4476677134135
1496773540157 4994.55282031567 4980.321591333743 5009.536120102214
1496773542023 4995.016513957412 4981.083697514996 5009.532670357751
1496773544733 4994.860485679503 4981.020004333069 5008.872988016058
1496773546713 4994.27702526644 4980.915742970205 5008.470796422487
1496773548726 4995.367711069819 4982.209423508201 5009.6646109381945
1496773550705 4997.384694901861 4984.2896119402985 5011.8401660923355
1496773553117 4996.736015890306 4983.6302751190315 5010.872728051392
1496773554982 4997.74954400803 4984.4585682247925 5011.78591006424
1496773556960 4997.9852288503025 4984.588162020532 5012.117039817092
1496773559354 4997.785036628863 4984.638232476958 5011.8889749791315
1496773561241 4999.099391298776 4985.55794991511 5012.710866489832
1496773563384 5000.193502915358 4986.70368956743 5013.8726915606385
1496773565842 5000.431547517343 4986.937509546033 5014.116494325347
1496773567621 5000.716476437822 4987.508467123113 5013.783956675508
1496773569793 4998.779213511943 4985.725877677652 5011.288179166667
1496773572222 4998.697894952671 4985.629766458233 5011.232103491797
1496773574063 4997.297033382457 4984.693773987206 5010.145945711748
1496773576230 4996.917250806262 4984.194933901919 5009.8663876027995
1496773578041 4996.980799214028 4984.452461467426 5009.644844950967
1496773580320 4996.762140919673 4984.427418753318 5009.257250486933
1496773582285 4996.308126695286 4984.1244993121245 5008.921106140708
1496773584313 4995.524401443797 4983.504486406857 5008.397389267461
1496773586169 4995.3726191238975 4983.510610946118 5008.000736336514
1496773587917 4995.319049144615 4983.59349538121 5007.893416351518
1496773590298 4995.844928557698 4983.414838701057 5008.738451801576
1496773591980 4996.185442429679 4984.0359422750425 5009.06074507322
1496773594495 4997.200333183828 4984.829680627271 5009.660928800681
1496773596306 4997.841810298797 4985.9524448954035 5009.611083450137
1496773598839 4997.403058456675 4985.63031438241 5009.331233002241
1496773600848 4996.777129920335 4984.72665508674 5008.642749836017
1496773603215 4996.864048183507 4984.902954614682 5008.738116855822
1496773605299 4997.575980863287 4997.575980863287 4997.575980863287
