1496773457520 5090.831695856472 4981.763806287171 5200.0152571926765
1496773459902 5060.61020931226 4981.846055979644 5140.813079982325
1496773461658 5045.059231097822 4979.383882149047 5111.436931079324
1496773463612 5044.4191584792825 4986.577772963605 5102.739886219974
1496773465572 5024.4133276377615 4975.16 5077.700507185123
1496773468045 5027.733374626228 4984.542673060884 5075.130438212094
1496773469782 5041.800875694148 4998.120942587832 5083.746035428089
1496773471988 5028.5106236651 4991.481020666385 5068.145083682009
1496773474507 5028.777206322085 4987.665180722892 5068.371482091396
1496773476538 5035.408586074327 4999.423174464364 5069.532183424485
1496773478364 5028.011999145664 4992.0644037102475 5061.167134378974
1496773480843 5031.84479282358 4997.916276505513 5062.066721798134
1496773483252 5025.535467748825 4991.694151578948 5055.408180279306
1496773485125 5029.236070055532 4997.867943925234 5057.950681920143
1496773486998 5018.713737718924 4989.20367884452 5047.261450317124
1496773489556 5018.784946604015 4988.719318859089 5045.975483729112
1496773491448 5017.211345578812 4987.885798567215 5043.1305439330545
1496773493608 5012.708906450235 4983.879073107049 5036.228897502153
1496773495951 5009.7484878257155 4981.562643630308 5033.230547073791
1496773498365 5007.201345578813 4980.986057896977 5030.461941279579
1496773500614 5007.119807774456 4981.20366287016 5030.560900702988
1496773502834 5011.5820546774885 4985.435254951538 5034.311461474037
1496773504886 5008.854109354977 4984.619766156463 5031.44561557789
1496773506919 5006.616954293037 4982.667232865049 5027.819757727652
1496773509401 5009.2199743699275 4985.176156462585 5031.235642411642
1496773511541 5010.574977680764 4986.556780126211 5033.262293917889
1496773513320 5006.896226938964 4983.502596694961 5028.827683427035
1496773516026 5004.097741630963 4980.789625139413 5025.713097713097
1496773518072 5002.82123482525 4978.897932155939 5023.756925014582
1496773520035 5003.710968535621 4981.721384129498 5023.281625877696
1496773522271 5002.9442389344995 4981.185397406134 5021.241447807748
1496773524654 5005.558682818894 4983.857126493348 5025.015926705982
1496773526679 5004.835429249998 4983.108919127696 5023.86649536647
1496773529474 5004.241558275133 4984.950222146638 5023.820223029157
1496773531860 5006.22792336772 4985.931165381319 5024.736126376587
1496773533735 5004.9232182140495 4986.428845500849 5023.968105269764
1496773536062 5004.49839601888 4985.95648243359 5023.373558385887
1496773538480 5006.285243800859 4988.58973877551 5024.241309471847
1496773540971 5006.838273424318 4989.492722153492 5024.638918434036
1496773543035 5004.831101428846 4987.956071122537 5021.1649796073625
1496773545098 5004.0673375935485 4986.775726530612 5021.838163437236
1496773547221 5003.224143970201 4986.4948973481605 5019.710674298338
1496773549503 5002.109724737724 4985.625197446575 5018.466245614035
1496773551188 5001.661586303523 4985.751494820942 5018.380981465881
1496773553438 5000.839673820183 4984.195737897121 5017.062220833333
1496773555485 4998.908194648532 4981.449584706436 5014.965535454319
1496773557269 4999.712982264293 4983.2351644047885 5015.742597119162
1496773559906 4997.206248451556 4980.647663842093 5012.778007712082
1496773561870 4995.789339017369 4980.085172440227 5010.452958333333
1496773563679 4995.070011020649 4979.439196613374 5009.976596210895
1496773566286 4995.43818372098 4980.138534288897 5010.462777384704
1496773568093 4996.8347023771385 4981.253469378913 5011.928324025403
1496773569940 4997.342999935926 4981.727898966705 5012.507068512201
1496773572664 4997.741539052989 4983.248450342466 5012.809292348518
1496773574426 4997.079686465475 4981.56165265987 5011.607669172932
1496773576689 4996.277315734393 4980.825399940276 5010.796230394095
1496773578786 4997.979637516179 4982.7678793234245 5012.594180348006
1496773580578 4999.048563471248 4983.41058576016 5013.227467614448
1496773583059 4998.408340666194 4982.705573630137 5013.3135218509
1496773584738 4997.448296925324 4982.0361111111115 5011.905683473703
1496773586844 4997.542194561438 4982.395155102041 5011.606207276833
1496773588515 4998.697128651123 4983.8494033372235 5012.870895458441
1496773591081 4998.364117109344 4984.167057059871 5012.442776459101
1496773592956 4995.972670499688 4981.7458972659915 5009.99194485127
1496773594969 4996.234859422655 4982.26113898282 5010.300752881318
1496773597132 4996.842524326587 4982.235299610366 5010.847742073694
1496773599503 4997.40551034792 4982.571430379747 5010.761341666666
1496773601342 4997.654872813481 4983.039562945203 5010.911669280849
1496773603288 4996.612537109417 4982.113300017111 5009.6096443873175
1496773605364 4996.914427286902 4982.88768389129 5009.730525772974
1496773607444 4996.873496935136 4983.39977853964 5010.26660632314
1496773609104 4997.216364451849 4983.768576872343 5010.326370297157
1496773611269 4997.654889899832 4984.289980001379 5011.402223210315
1496773612868 4998.051600777429 4985.096609647772 5011.429653179191
1496773615382 4996.7539095704915 4983.937060854553 5010.339262510593
1496773617007 4996.5793767753785 4984.330097615017 5009.546610896611
1496773618834 4997.94352961278 4985.429313605985 5011.16964873277
1496773620480 4997.730954059076 4984.844778851475 5010.899239662072
1496773622924 4998.227850750732 4985.561765272692 5011.365767129046
1496773625092 4997.898699301595 4984.919878352225 5010.4264681555005
1496773626905 4997.363906639784 4984.909738849126 5010.272711469596
1496773629356 4996.4910979735505 4983.789664685908 5009.096487327702
1496773631098 4996.107554761986 4983.643061639677 5008.605148955091
1496773634154 4995.669065885248 4983.616098081024 5008.003881725212
1496773636319 4995.566320951372 4983.405829332532 5007.635270668292
1496773637897 4996.341903598401 4984.08526652452 5008.563665952891
1496773640262 4996.566923247788 4983.978175242366 5008.573063583815
1496773642690 4998.24964545672 4986.107394993636 5010.3758897155885
1496773644195 4998.157246352049 4985.66945738279 5010.370226767453
1496773646184 4999.206852509996 4986.357084475624 5011.364567266495
1496773648805 4999.358300762478 4986.5760832758515 5011.643739669422
1496773650375 4999.391862625745 4986.754607931737 5012.061522009559
1496773652277 4998.8082099912435 4985.95638524262 5010.393363324764
1496773654962 4998.5703081950405 4985.857497530174 5010.516191677175
1496773657154 4998.484765383055 4986.112280400326 5010.574890965732
1496773658756 4998.3999530125375 4985.924447059779 5010.429076030228
1496773661030 4998.762909805429 4986.079996594441 5010.576098851568
1496773663661 4999.175096644668 4986.829755015013 5010.830049586777
1496773665394 4999.168633732726 4986.883159629431 5010.920951781971
1496773666937 4997.575980863287 4997.575980863287 4997.575980863287
