1498506848417 4986.077471706171 4943.111621852499 5027.395406320113
1498506848796 4969.4979192897845 4936.343065860062 4999.092658261098
1498506849268 4982.431221959268 4960.997077025367 5004.860487144791
1498506849881 4987.998175201955 4970.837137083424 5011.171683979225
1498506850376 4992.168802451955 4977.057144268287 5011.555467168704
1498506850878 4992.035352369181 4977.82279247167 5006.6220847749755
1498506851371 4995.219501899355 4981.047781900623 5007.226478930572
1498506851788 4994.416271873666 4982.991302420625 5006.570652572889
1498506852134 4996.607506643378 4985.620146499872 5007.150513940183
1498506852479 4999.499088825631 4989.097675908134 5009.424141758142
1498506852828 4996.48226740303 4985.027625179912 5006.9936667099955
1498506853148 4997.5313762784945 4985.878888659199 5008.098914557902
1498506853519 4996.931684631069 4986.235472901679 5007.067292660818
1498506854007 4996.965919884889 4987.651991881694 5005.640271218811
1498506854387 4995.453138648629 4988.074209175146 5002.92560495814
1498506854762 4996.110620996542 4989.401404849294 5003.446947109252
1498506855229 4997.856212664736 4989.462503632009 5005.712662527359
1498506855605 4999.59987436489 4991.516304544532 5006.710211959733
1498506855967 4999.539236411895 4991.577205176038 5006.458102298578
1498506856478 4999.708407035272 4992.223389151802 5005.759970492784
1498506857022 5000.156632788922 4992.512307410879 5006.068082169082
1498506857528 5000.848406963258 4993.877272727273 5007.252891641597
1498506858041 5001.117001792268 4994.182987495359 5006.84318876923
1498506858543 5002.331392386482 4996.448541521878 5008.461491735991
1498506859198 5002.464352103949 4996.7125202649195 5008.520731426547
1498506859738 5001.211171220843 4995.106431580169 5007.2000522274
1498506860289 5002.129939295659 4996.7028268506465 5008.3805340949175
1498506860863 5001.194100509988 4995.769591888389 5006.931841057284
1498506861463 5001.166278910984 4995.998943978335 5006.876776703343
1498506862006 5001.069457311809 4995.865185023389 5006.924000937312
1498506862458 5001.611505802446 4995.933202327196 5007.667404741993
1498506863021 5001.94993398047 4996.25828121431 5007.486433836792
1498506863500 5001.185496088732 4995.9088526427495 5006.594582437251
1498506864012 5000.201919646439 4994.857661644318 5005.633822197152
1498506864574 4999.870861358138 4994.233923663891 5004.8641821112005
1498506864962 4999.601013267125 4993.901087814701 5004.432980297898
1498506865410 4999.756840593267 4994.060069562444 5004.808853533979
1498506865828 5000.488720431245 4994.464736670622 5005.558258637773
1498506866250 4999.98986504364 4994.2032148677245 5004.962859339233
1498506866692 4999.997162075773 4994.031380863576 5004.806048867204
1498506867125 4999.574630859308 4993.772376889357 5004.5372359268695
1498506867561 4999.163852896155 4993.368361385173 5003.957019497712
1498506867991 4999.638029466088 4994.075440198241 5004.92280728828
1498506868428 4999.5962682293375 4994.257570217567 5004.217486147668
1498506869093 4999.7059294205 4994.416976982407 5004.448922733769
1498506869619 4999.449134865111 4994.106030937616 5003.8086590181965
1498506870191 4999.290933205652 4993.494028362195 5003.590962401042
1498506870789 4998.773710912813 4992.781290509443 5002.968585205259
1498506871272 4998.257400932923 4992.646922252674 5002.383425510784
1498506871794 4997.398036683733 4991.579915917486 5001.810107383529
1498506872361 4997.264146780691 4991.8795832577225 5001.737482902045
1498506872920 4997.285113859142 4992.418384221407 5001.606068384484
1498506873485 4997.021997722858 4992.197273130451 5001.049440497819
1498506873989 4997.453194560141 4993.115989781893 5001.788167949232
1498506874654 4997.47897253294 4993.201392396936 5001.770321834251
1498506875154 4997.593364710883 4993.354115734929 5001.675296532261
1498506875696 4998.005000121621 4993.718327170284 5002.575382030048
1498506876266 4997.719093744519 4993.445970813227 5002.108113432926
1498506876832 4997.641491720535 4993.362605892587 5001.999851674594
1498506877354 4997.946293044404 4993.416813211024 5002.226822271622
1498506877896 4997.62244805209 4992.9042301374275 5001.98574513259
1498506878480 4997.4653515837535 4993.005569230207 5001.785492358152
1498506879126 4997.655172354932 4993.240219036672 5001.925784023089
1498506879585 4997.8517366608485 4993.700979124956 5002.14489130793
1498506880045 4998.316916062381 4993.8816010111395 5002.280938277931
1498506880536 4998.591096997922 4994.019739104976 5002.68297389045
1498506881015 4999.055253984999 4995.018768592776 5003.072338239641
1498506881473 4999.0447058452 4994.733963136282 5002.761642968023
1498506881966 4998.889742018412 4994.480152634342 5002.723053671607
1498506882596 4998.593288757296 4994.096223042421 5002.483256593242
1498506883203 4998.921516940002 4994.2445026230125 5003.072430589881
1498506883859 4998.681053554267 4994.261022666709 5002.875477690473
1498506884430 4998.553453010675 4994.059816596262 5002.705678710081
1498506885016 4998.266167812376 4993.968814176726 5002.727372559199
1498506885708 4998.610869372245 4993.997577152241 5002.707989816312
1498506886334 4998.347255562939 4993.750359875716 5002.495612118455
1498506886924 4998.17174745875 4993.41102507119 5002.299968957405
1498506887495 4997.766767184134 4992.911578755869 5001.840417889152
1498506888291 4997.538308985544 4993.131181852745 5001.360003349312
1498506888888 4997.729226094453 4993.337415638252 5001.492850249839
1498506889403 4997.801495064818 4993.398737098803 5001.493146005039
1498506889901 4997.441968528703 4993.067928219865 5001.378029649335
1498506890365 4997.403937287464 4993.520942025474 5001.388733189254
1498506890789 4997.286581818849 4993.431566957738 5001.103271793992
1498506891220 4996.955723198289 4992.953421162679 5000.658814012854
1498506891644 4996.933901019898 4992.8361305267645 5000.52762023274
1498506892074 4997.240856653877 4993.09829224157 5000.701580473653
1498506892679 4997.169707150686 4993.221913022565 5000.542287091382
1498506893148 4997.328772449468 4993.196717177609 5000.412641824505
1498506893656 4997.080614156762 4992.951832052917 5000.316659569756
1498506894232 4997.520756625488 4993.315262636229 5000.79640651478
1498506894790 4997.483633298479 4993.153037887955 5000.855707284883
1498506895387 4997.869891173017 4993.804850996394 5001.136144391916
1498506895999 4997.973880859778 4993.792840038282 5000.957694616207
1498506896718 4997.76283865681 4993.36109064608 5000.545620570606
1498506897292 4997.934510426537 4993.40872061876 5000.689622689513
1498506898011 4997.645861492794 4993.026381144634 5000.581495340028
1498506898606 4997.697288835246 4993.425464655373 5000.566161759276
1498506899243 4997.512280980293 4993.16710143808 5000.501078195814
1498506899920 4997.577122127142 4997.577122127142 4997.577122127142
