1498506998026 5023.724093762008 4986.007798884629 5059.941639584382
1498506998498 5003.774378789172 4978.965181678401 5027.18291102793
1498506998961 4995.450945897384 4979.275124459909 5009.721124527539
1498506999436 5001.55761701038 4985.599706868555 5016.820102694597
1498506999925 4997.210583374593 4980.7636085998365 5011.723253175213
1498507000309 4997.666915640539 4979.469271957165 5010.03654915459
1498507000737 4996.637674064241 4981.246510761493 5007.946560903247
1498507001417 4998.394019729072 4985.70615161418 5008.3219271375465
1498507001890 5001.363026425368 4989.680074116678 5010.2477209551325
1498507002453 5000.168282344504 4990.272460799254 5009.022591542733
1498507002979 4996.965914223146 4988.520177416943 5005.618494342497
1498507003403 4998.717066651072 4989.437429426286 5007.377584993557
1498507003903 4997.810437395688 4989.125783042412 5007.289865870901
1498507004408 4997.927192329115 4989.056262497334 5007.347877838777
1498507004962 4997.813054761194 4989.65922937358 5006.422588095993
1498507005606 4998.074544357953 4990.095562001201 5006.005799725114
1498507006107 4997.92774765722 4990.462038778245 5007.525108248789
1498507006523 4997.250677953874 4988.883234744172 5005.531244357994
1498507007024 4996.867726360605 4988.437013063797 5004.695407127521
1498507007374 4997.873347618051 4989.194969797135 5005.392937514415
1498507007746 4996.5841490721195 4988.354450261567 5005.752794173077
1498507008078 4996.957510830363 4989.076372489886 5005.655025998586
1498507008447 4996.723609039244 4989.194214451442 5005.829577212521
1498507008831 4998.15504749466 4990.75725706995 5005.139408509763
1498507009202 4997.703822390065 4991.1128540791115 5004.699627897142
1498507009576 4998.439780584961 4991.987905375436 5005.3729231830675
1498507009899 4997.513028075837 4990.8061841716735 5003.900182325744
1498507010263 4997.093811688592 4989.672930165821 5004.042497240127
1498507010812 4996.4111941986675 4988.950347681168 5002.502907244573
1498507011287 4996.132196987482 4988.310128186497 5002.083102821114
1498507011729 4996.624605454723 4988.899356065711 5002.43518928643
1498507012218 4996.2036635902705 4988.576565320853 5002.140725325692
1498507012703 4995.890848660828 4988.280732663659 5002.010044380035
1498507013161 4996.191012866506 4988.171977694697 5002.438429152759
1498507013657 4995.638284241397 4987.279993827741 5001.586457492115
1498507014154 4995.792607894899 4987.959881640953 5002.220189882139
1498507014565 4994.451620723579 4985.861783699177 5000.914388597626
1498507015012 4994.69108990337 4985.985905780001 5000.994878283562
1498507015403 4995.771079817417 4987.465751961795 5001.911811489746
1498507015805 4996.629522911189 4988.787740224715 5002.7353798654985
1498507016359 4996.24272223403 4988.777316486134 5002.455792974471
1498507016759 4996.299615611483 4988.786900445813 5002.132301467996
1498507017165 4996.364957933267 4988.776850233291 5002.220429092013
1498507017580 4996.580967717566 4989.315852677927 5002.231914788718
1498507017981 4996.592751965446 4989.410182841853 5002.098249859678
1498507018388 4996.475390377919 4989.488669130576 5001.925213723667
1498507018791 4996.153119496845 4989.578289762466 5001.189404204722
1498507019217 4996.54964931457 4989.588747228212 5001.466923075654
1498507019635 4996.739264083861 4990.623100273312 5001.431184023285
1498507020046 4996.745774763908 4990.230456532756 5001.606648394312
1498507020483 4996.414960199748 4990.394520504009 5001.412285640938
1498507020944 4996.53665282242 4990.247182171899 5001.8814607166105
1498507021385 4996.679715439191 4990.4218927902975 5002.136099241713
1498507021838 4996.960010226101 4990.618141859416 5002.190604666539
1498507022283 4996.693964477849 4990.673826520473 5001.833298250388
1498507022725 4996.119944550693 4990.652428611734 5001.214258485264
1498507023176 4996.182265856372 4990.3669947635535 5000.991621061837
1498507023637 4996.488981305308 4990.730201856418 5000.97745844527
1498507024108 4996.406315646609 4990.970322893509 5001.068931243927
1498507024560 4996.399357929806 4990.594887169288 5001.053498717303
1498507025188 4996.680819081689 4990.785206090045 5001.620541266935
1498507025613 4996.839349939373 4990.776134704678 5001.6938001991175
1498507026034 4996.904514930692 4991.038252207351 5001.9333250989175
1498507026451 4997.683684662037 4992.094422811096 5002.877184307279
1498507026886 4997.678757317024 4992.225945326627 5002.912305993009
1498507027350 4998.414652394549 4993.190399976832 5003.224426247835
1498507027795 4998.819744560984 4993.624869737167 5003.524718784987
1498507028313 4999.000679036136 4993.986496637917 5003.267613954717
1498507028843 4999.094262581945 4993.936586876351 5003.362767129475
1498507029346 4998.759373806308 4994.131691270531 5002.842028003613
1498507029839 4998.837697767421 4994.352303877428 5003.108475919619
1498507030353 4998.389850329405 4993.536051494378 5002.18373717953
1498507030956 4998.49283738185 4993.494288069881 5002.358112656857
1498507031371 4998.128384232509 4993.28319461847 5002.118312076068
1498507031816 4998.187728657886 4993.728809494505 5002.246113956268
1498507032256 4998.146227361308 4993.64613936609 5002.155834252862
1498507032675 4998.18740602298 4993.7054253253045 5001.953095202373
1498507033097 4998.478483960336 4994.043518888066 5002.024164701642
1498507033548 4998.344076122285 4993.827497441277 5001.81974085301
1498507033976 4998.54356169248 4993.983574349778 5002.337639827899
1498507034612 4998.493506742941 4993.8974045349705 5001.982063817109
1498507035232 4998.517321575058 4994.164178253957 5001.936381305882
1498507035851 4998.790710240477 4994.53897450578 5002.247409532984
1498507036456 4999.0028771261 4994.791239929933 5002.779038836827
1498507037168 4998.95812336186 4994.601147948711 5002.581277142497
1498507037761 4999.163771932445 4994.617571822963 5003.14841522171
1498507038392 4999.0780177531715 4994.611229814556 5003.00242331102
1498507039021 4999.0057207876625 4994.456849959727 5002.792911254593
1498507039703 4999.131878717418 4994.651814173468 5002.858391908109
1498507040447 4998.937651805274 4994.014375884352 5002.760968572354
1498507040952 4999.009834140113 4994.48447579243 5002.802767489549
1498507041540 4998.636015413972 4994.231084309779 5002.3206419710405
1498507042101 4998.5768291668 4994.3057999749635 5002.218084762656
1498507042689 4998.6335593505355 4994.126060097614 5002.264417092377
1498507043221 4998.409039751536 4993.923116718558 5001.72707540597
1498507043729 4998.464982313394 4994.353553842269 5002.125897297881
1498507044287 4998.002805773389 4993.837979263569 5001.401151106156
1498507044892 4997.798027185103 4993.7840416481895 5000.791721534346
1498507045559 4997.849158978303 4993.6423446843455 5000.8598585322725
1498507046002 4997.577122127142 4997.577122127142 4997.577122127142
