1497896703620 4883.06939123031 4765.345588235294 4975.061393805309
1497896704815 4918.7449262978 4860.1746453900705 4983.996435845213
1497896705593 4964.251016316638 4906.04161447936 5031.066665178571
1497896706210 4983.046571245461 4929.537223587224 5042.024665178571
1497896707139 4999.35343870141 4953.0406594277565 5067.23868247275
1497896708615 5004.2696801902375 4963.589042765248 5062.736216346154
1497896709914 4989.247537056253 4950.6896305668015 5049.468250041234
1497896710501 4983.049194322911 4943.883700103642 5035.382352404749
1497896711779 4993.429657908334 4964.660368240085 5043.054030551434
1497896712797 4982.065211820977 4956.35490703695 5030.569891613007
1497896713463 4982.382253565646 4955.026473572147 5034.388076724521
1497896714496 4979.044289681692 4953.323992666815 5020.4245414706775
1497896715668 4975.175806334462 4945.574070528002 5019.657529290227
1497896716359 4980.33485699639 4955.19754448542 5018.036946950044
1497896717130 4983.261753396565 4958.675735738762 5022.1096877502005
1497896717788 4980.801484879941 4957.086922569236 5015.756746049215
1497896718898 4976.5789957107945 4955.672106106167 5007.675146137588
1497896719914 4974.09067495825 4952.900640456188 5006.092988726187
1497896720578 4974.383862025959 4954.104133212316 5004.491959777472
1497896721346 4972.982999081609 4950.935428259683 5000.985983198877
1497896722170 4967.441516621681 4946.329735683634 4991.702715177586
1497896723408 4968.339121892885 4947.508933460423 4993.5206576568
1497896724290 4968.074875698396 4948.152879714038 4992.56160641194
1497896724973 4966.675510491721 4945.049426425055 4990.656214755136
1497896725872 4968.170763790423 4951.720642500542 4992.49874575174
1497896726832 4967.855669222391 4951.263305308018 4993.665348297331
1497896728441 4971.029521571978 4955.630435805127 4993.488458075806
1497896729663 4973.504647308576 4957.084385874684 4998.1511770360175
1497896730434 4974.497005629928 4954.438364389486 4998.405111845174
1497896730994 4971.183061171315 4950.223625 4992.508941206741
1497896731650 4970.062282938832 4951.6118564814815 4992.326547943795
1497896732566 4970.540816457291 4952.459287037037 4993.207204339158
1497896733380 4969.756967584286 4953.335938334936 4993.8253467754475
1497896734278 4971.975308378232 4957.360405988369 4994.585542259564
1497896735447 4969.754325776931 4953.539525314786 4993.051136856512
1497896736190 4970.955291534229 4957.715022345972 4990.857205483068
1497896737135 4973.028752451221 4960.55774170119 4993.087315839271
1497896738346 4976.128912373931 4962.621169170682 4993.511956040227
1497896739185 4975.941084748079 4964.29083388015 4992.580428879705
1497896740060 4978.694696730206 4966.207818195161 4994.473277101322
1497896741231 4979.838314068226 4967.055671071494 4994.710933818401
1497896742717 4980.227683606166 4968.487414599065 4994.586858871227
1497896743867 4982.228620247757 4969.410931004073 4995.399742979534
1497896744745 4982.811299073006 4968.109195430417 4995.817942689766
1497896745531 4981.783890358054 4967.703688924825 4994.120557924241
1497896746455 4982.564121622199 4968.196393984726 4996.9752001618635
1497896746958 4983.377625902353 4968.661146831125 4996.800205357143
1497896748116 4984.191556347264 4970.44759180031 4997.679388392857
1497896749042 4985.885155138606 4972.053948770717 4999.961224372814
1497896749584 4987.051367492887 4973.159202830832 5001.132541246585
1497896750108 4988.910953227267 4974.846533092807 5003.867976154082
1497896750803 4990.282620491064 4976.583686848357 5005.4711523867345
1497896751659 4990.822407546654 4976.251773833958 5004.369235877247
1497896752752 4991.159887222863 4975.486523066035 5005.172261396129
1497896753961 4990.762974100922 4974.856891875643 5003.422759925305
1497896754352 4992.088999196897 4976.66443523071 5005.262328117591
1497896754932 4993.347090738209 4978.79287031346 5006.521384503762
1497896755727 4993.961377424592 4978.844943387305 5006.472325301435
1497896756496 4992.056795946442 4977.449945181814 5004.543549809829
1497896757678 4992.793856144923 4978.666115716208 5005.337077088471
1497896758909 4992.516185674919 4977.967789837138 5005.208199891463
1497896759939 4992.630691867967 4979.518448236693 5005.063987128433
1497896760777 4992.4805196469615 4979.225217641124 5004.564074245337
1497896761513 4992.9936007245105 4981.303143477535 5004.703601796121
1497896762089 4993.444257904112 4981.0274670942745 5005.053720334773
1497896762791 4993.056168064211 4980.149675634867 5004.805684106742
1497896763663 4994.72676787957 4982.222846310776 5006.666350567083
1497896764358 4994.857327153506 4981.9001943599405 5006.155093353564
1497896765252 4994.324823458546 4980.570550925926 5005.9207845115525
1497896765906 4995.226965716117 4981.044976851852 5006.532340970325
1497896766562 4995.270425447384 4981.465761073451 5006.803820857648
1497896767185 4995.504228817469 4981.598787037037 5007.106732694131
1497896767839 4995.655902128132 4982.00689888278 5007.831440264004
1497896768636 4995.203722134183 4981.946380502879 5007.940172573237
1497896769661 4995.665249947674 4981.636571238763 5008.913246489756
1497896770620 4996.368330905813 4981.933894622488 5010.158744152317
1497896771652 4998.165325474116 4982.983578063045 5011.523403246831
1497896772206 4999.47982692932 4984.917709257482 5012.18741027338
1497896772781 4999.248559456331 4985.704303419069 5011.860161790385
1497896773338 4998.480150526244 4984.478762737051 5011.0466738279365
1497896773981 4998.835733873241 4984.867796775078 5012.004658219084
1497896774531 4998.98044550755 4984.967138533893 5011.413244682476
1497896775410 4999.486275096113 4985.459845201239 5012.093077956989
1497896776320 4998.65411051069 4985.4543480337 5010.609378702069
1497896777183 4998.792708974096 4986.085407407408 5010.477089989147
1497896778020 4998.569548502841 4985.13917709333 5010.2860047156655
1497896778550 4997.224699711244 4983.925923914027 5008.5028718172125
1497896779196 4996.814767508918 4983.339215816361 5008.046515548736
1497896779796 4996.100305431555 4982.104353022127 5007.472944151738
1497896780376 4996.903236692482 4982.5124166666665 5008.10912183849
1497896780954 4997.795437944512 4984.697509259259 5009.2571409303755
1497896781511 4996.940341285266 4984.024865740741 5008.148233062901
1497896782193 4996.325837465671 4983.19025462963 5007.337875991336
1497896782842 4996.475127172395 4982.953731481482 5008.173783699509
1497896783737 4995.520709730605 4982.517708333334 5006.455354222852
1497896784413 4995.099015441129 4983.025143518518 5005.547881769663
1497896785096 4994.62791303605 4982.880725706991 5005.567952659379
1497896785783 4995.712369610347 4983.52208628383 5006.171407579456
1497896786553 4996.548547898628 4984.581777287388 5006.844422436681
1497896787313 4997.575980863287 4997.575980863287 4997.575980863287
