1497896643486 4972.86248388483 4874.898 5053.5620848237095
1497896644215 4960.394945384451 4876.801 5022.650919827391
1497896644914 5003.052760694098 4941.52851562824 5065.498428467344
1497896645328 5008.921633790737 4951.699082080618 5069.421567331836
1497896645729 5028.241837346816 4980.065715679103 5070.126589485671
1497896646168 4982.238047928194 4927.815706695005 5026.182746154905
1497896646802 5010.765753688674 4964.9500194165885 5053.77709001088
1497896647510 5024.459790187342 4974.247289740956 5064.590344177275
1497896648140 5025.451459426155 4975.407597512512 5066.142301397521
1497896648640 5026.87777540107 4991.468290653601 5069.0413392857145
1497896649082 5023.531465270112 4994.371546535544 5065.343464285715
1497896649524 5022.77091342967 4995.736076273887 5061.056138392857
1497896649941 5022.1951521834835 4997.725319444445 5056.873142857143
1497896650373 5032.130549452429 5005.9744336716885 5060.546077369193
1497896650876 5032.349431016646 5005.625836260371 5056.9952844827585
1497896651274 5023.473796878271 4995.542426086182 5050.789340384524
1497896651726 5020.051069284509 4993.36619838394 5050.806525605968
1497896652254 5016.330021282597 4992.503527213811 5044.285533722783
1497896652716 5013.754583137473 4990.483165764373 5043.702779916629
1497896653560 5016.263562744386 4993.816166353366 5046.072131355663
1497896654143 5015.763989643947 4993.191198717035 5046.490186070929
1497896654727 5015.070241772514 4992.375133203907 5042.972331952851
1497896655192 5014.605053395984 4992.801114117977 5045.63485254238
1497896655586 5014.274107295404 4992.458124128312 5045.875731886636
1497896655950 5012.0011615790645 4990.171968206257 5042.491598949105
1497896656338 5013.370418462406 4989.895563674119 5042.681453838967
1497896656701 5017.357812860401 4995.32074 5044.186484375
1497896657155 5019.424192335947 4996.342855 5041.743582530044
1497896657654 5022.079873418803 4999.125994938837 5046.349187393183
1497896658046 5021.529742126707 5000.794203152364 5042.69944440879
1497896658519 5020.819702935624 5002.540443864573 5042.560787248611
1497896659090 5019.30768573832 5003.75635545217 5037.649226058854
1497896659762 5014.436640588969 4997.091614662224 5035.064749666528
1497896660475 5012.591840743335 4995.090492893493 5032.00088934247
1497896661346 5013.078087632388 4995.365709393346 5032.253121019108
1497896662312 5011.94502101271 4994.112370163472 5031.462814546269
1497896662884 5013.869997180909 4995.46116123481 5032.9103029596035
1497896663467 5013.9811325590435 4994.267656891543 5032.88231464373
1497896664137 5010.99702241095 4989.48765 5029.499442550888
1497896664730 5009.891536210836 4989.014029836786 5026.779961990104
1497896665223 5009.608833279223 4990.56824798767 5025.448443776021
1497896665785 5008.534936279473 4989.62144 5024.100307700774
1497896666231 5008.103318778785 4989.31857157111 5024.908706284535
1497896666685 5006.881455564527 4986.881885 5023.285444399099
1497896667156 5008.225658726633 4989.76834 5024.17271985007
1497896667759 5009.170117053998 4989.001334913048 5023.861398989204
1497896668373 5008.101065852148 4988.77895854433 5024.515224071388
1497896669002 5008.918328812184 4990.581655 5024.0177820574545
1497896669410 5009.935475465299 4993.429435 5024.285934796288
1497896669855 5011.529646463783 4997.296351022085 5023.7763125
1497896670301 5011.766980918493 4997.49532089729 5024.5857335988
1497896670727 5011.396037489214 4997.354109361181 5023.695937307062
1497896671188 5010.654279904654 4996.632856406681 5023.2707133169015
1497896671987 5010.960174798589 4996.7547969953985 5023.557142023744
1497896672667 5011.18651163188 4996.291257691958 5022.766649193549
1497896673183 5009.182825555765 4994.680373936652 5021.838417362402
1497896673753 5009.38010576767 4995.82476309227 5021.510668843045
1497896674389 5009.331036486123 4997.05706 5021.786605345805
1497896674969 5009.229839536553 4996.017483780132 5022.139364433982
1497896675836 5009.204483312542 4996.554925 5021.139058648503
1497896676813 5007.881392139521 4994.28735 5019.407004032258
1497896677781 5006.38820528596 4992.919068295257 5017.90049153424
1497896678680 5005.891598128645 4992.987935868979 5015.934329482141
1497896679282 5006.342305851791 4994.434201075378 5016.808133376788
1497896679861 5006.78160944096 4994.72375979763 5017.135512519542
1497896680444 5006.247753617925 4994.0759615355455 5016.035537338759
1497896680993 5005.23177104475 4992.736218826728 5015.993422107377
1497896681767 5005.336654731283 4992.829012888552 5017.173678304004
1497896682343 5003.925282641577 4992.059525650707 5015.301550329114
1497896682924 5003.037043684114 4991.324286805631 5015.080588698397
1497896683709 5003.998213766816 4991.599898083298 5015.961445562112
1497896684814 5004.504602485427 4991.80796410544 5016.226691279605
1497896685841 5002.3169356872095 4989.798926433257 5013.407666730365
1497896686851 5003.257348950699 4990.458490503332 5015.515029332518
1497896687615 5002.912937948952 4989.978961991453 5015.266304921176
1497896688334 5002.324101415769 4989.068294399398 5014.580852908392
1497896688948 5001.929804844905 4989.873470828919 5014.637224278618
1497896689965 5001.775800772571 4988.55356853541 5014.624903680329
1497896690637 5001.519378519968 4989.222155760755 5013.464930144664
1497896691314 5000.254674654315 4987.743570146873 5012.605192911003
1497896692319 5000.934600364043 4988.097428869175 5013.636792723242
1497896693691 4999.951040375988 4987.1804755879175 5012.4521703903565
1497896695011 5000.087491347855 4986.927364517245 5011.978621029661
1497896696024 5000.072915108971 4987.468037689257 5011.620590871795
1497896696866 4999.507801551766 4987.419185185186 5010.583629199613
1497896697870 4999.044215158507 4986.975004629629 5010.28042665729
1497896699401 4998.829102918495 4987.217952672392 5009.553209160357
1497896700426 4997.852344577736 4985.783488905623 5008.701260048985
1497896701275 4998.877112633935 4986.976337962963 5009.70067789179
1497896702193 4998.346419859622 4986.252828703704 5009.569198864877
1497896703620 4997.875464024982 4985.23849537037 5008.662831911157
1497896705134 4997.963245062818 4985.238839490931 5008.609027531907
1497896706110 4996.958130951313 4984.516743646433 5008.469367109949
1497896707110 4996.938620586539 4984.10967072514 5009.575800366725
1497896708518 4996.4718502095375 4983.348002748487 5009.567268297617
1497896709905 4996.520859320267 4983.490804440485 5009.90631638399
1497896710630 4997.536310940056 4985.211468324884 5010.2993799654905
1497896711892 4997.188496300979 4984.95299537037 5008.828252518478
1497896712920 4996.994417130482 4984.080546296296 5007.866834630507
1497896714089 4997.575980863287 4997.575980863287 4997.575980863287
