1497887564744 4890.630434782609 4744.300979519146 5024.502587991718
1497887567356 4957.422141638225 4852.451584507042 5049.494269949067
1497887570715 4974.35466707792 4866.867320598864 5053.373689285714
1497887573259 4990.976905805624 4909.204514672686 5059.406565193472
1497887575687 4980.936875373708 4911.255121378937 5042.922015040693
1497887578402 4986.070736458947 4926.938960779992 5046.995393216191
1497887581595 4988.013782967397 4929.402762945316 5041.797821779497
1497887584419 4985.862889818665 4934.5098509595755 5033.90121510064
1497887587481 4985.798719778482 4938.438157523531 5029.351675112775
1497887590719 4993.23072978978 4951.108715536391 5032.503753796779
1497887594076 5003.346566092568 4959.843838848809 5040.367385001057
1497887597334 5001.633357693245 4960.433804216654 5040.83052532927
1497887601029 5001.4142752778025 4959.586753832324 5039.704023203592
1497887604706 4994.557591086199 4954.324160094638 5034.369536764706
1497887607757 4995.4507090381 4957.535856729491 5030.168697921051
1497887611490 4997.914157591287 4960.713698249283 5031.4231739383
1497887614734 4999.089776988188 4961.863682009062 5032.129242624807
1497887618103 4998.654755498612 4962.08552275434 5032.149676098019
1497887621464 4999.019903003808 4962.115540828822 5032.081273743344
1497887624824 4999.694064901793 4964.874548957786 5030.02711686126
1497887628605 4997.960010420181 4961.300972222222 5028.201423933028
1497887632356 4997.352005638857 4964.810108112942 5025.166852792488
1497887635899 4995.050940284862 4964.140476872908 5021.5551535714285
1497887639822 4991.674997650235 4960.124842451561 5017.736197123104
1497887643579 4990.28346550899 4958.512075831025 5016.135509414684
1497887647160 4988.345742999 4958.941823184789 5013.98988383212
1497887650536 4993.005755500199 4962.428614987559 5019.276754677598
1497887654503 4990.463187759305 4958.842134495261 5017.059943215049
1497887657644 4988.46216803002 4959.41535975944 5013.867205874667
1497887661108 4989.808151960197 4963.207620060399 5015.487112252199
1497887664582 4990.929516246907 4965.052904317313 5014.9260337513515
1497887667963 4988.810154931082 4963.786496690365 5012.7983910659295
1497887671867 4987.85149505069 4963.218317281151 5010.556062910346
1497887676209 4985.27653046399 4961.358175200316 5006.626350108306
1497887680191 4983.142437748653 4958.667158443697 5004.924587232591
1497887684774 4981.715508067101 4957.918096263695 5004.995064655172
1497887688643 4982.147494806672 4958.373703125 5005.575536792747
1497887692506 4981.56984462824 4958.975452400543 5004.349700815602
1497887696661 4981.867224563413 4959.641411019965 5004.35302471457
1497887700454 4981.360351696075 4960.4765299888595 5002.213972103157
1497887704007 4984.803984680226 4962.986679488549 5006.098542740778
1497887707819 4985.260245165923 4964.052444040037 5006.58142490339
1497887711834 4987.653411349367 4967.621730492394 5007.771182176432
1497887715740 4986.419531460371 4966.132301775214 5007.582084976436
1497887718661 4986.841892706192 4966.070588291968 5007.617696022778
1497887722159 4986.472288106258 4965.3662978786915 5007.011961605448
1497887725719 4988.715313744594 4968.224609375 5009.178817577109
1497887728812 4991.193751709285 4970.691839829365 5011.841608695652
1497887732423 4990.0088073912 4969.31143342814 5011.136488383967
1497887736003 4991.232794871795 4970.62916967509 5011.458039419087
1497887739750 4991.032284807125 4971.228931918792 5011.154163317169
1497887743650 4992.668099727348 4973.464886707199 5011.859423913043
1497887747364 4992.51367948718 4973.73386390768 5011.462228184128
1497887751569 4993.0149791445865 4973.83401321529 5010.711236165043
1497887755450 4993.484334198076 4974.7913887560135 5011.165944996502
1497887759384 4994.16371197292 4976.196758127906 5011.3192801724135
1497887763336 4994.079759477929 4976.880166537469 5010.79336350405
1497887766865 4994.564146613505 4977.762850750368 5011.606382770531
1497887771070 4994.659217948718 4977.942283304928 5011.355308510639
1497887775008 4995.764109094949 4979.0666247665185 5012.221797219903
1497887779274 4996.402823125181 4979.264416446385 5012.596776270158
1497887783242 4995.407233456982 4979.389687355832 5012.043040929605
1497887787226 4995.918344146131 4980.128998021227 5011.691253770271
1497887791252 4994.449733957305 4978.165272287504 5010.793842613414
1497887795603 4995.272305726387 4977.932068785639 5011.957961484265
1497887799798 4994.81597548676 4978.552903812576 5011.17296662734
1497887804183 4994.45551747421 4978.701391176431 5009.803052152172
1497887808550 4994.535213976188 4979.561885714005 5009.548986440952
1497887812935 4995.255812661581 4980.543691889958 5010.483954876881
1497887817647 4993.899784211088 4978.461855124454 5008.931310868913
1497887821846 4995.4519711485045 4980.690783704557 5010.917651269177
1497887826319 4995.806738596304 4980.049357970561 5011.96882780083
1497887830443 4996.869955348559 4980.587180498926 5013.431105302465
1497887834721 4996.841238778484 4981.365330363352 5012.686290227514
1497887838589 4996.821880875064 4981.930452096675 5012.073811955543
1497887843259 4996.954096413342 4982.58808338397 5011.446870815022
1497887847655 4997.38844119331 4982.791053550665 5013.107609766648
1497887852061 4997.142158852509 4983.198935478148 5012.518946577272
1497887856348 4998.092685323649 4984.211868716928 5012.737035339973
1497887860928 4997.84467031535 4984.241786048895 5012.485435901749
1497887865430 4997.750544746084 4984.166947092005 5012.992947045797
1497887869512 4998.763786827534 4985.185970065063 5012.488947754112
1497887874356 4998.316264584126 4985.059542375852 5011.229625806152
1497887878071 4999.3409021971775 4986.043775649795 5013.154753136182
1497887881232 4998.68197256388 4985.5229480021935 5012.343496044831
1497887885320 4998.72045183644 4985.545230334953 5011.840735958348
1497887888751 4999.098535468325 4985.614119058965 5012.487782110853
1497887892279 4998.801648231932 4985.710949865674 5012.568063601052
1497887896301 4997.446098306026 4984.674525488123 5010.879470810182
1497887900530 4998.374280123725 4985.319569444445 5012.121269916069
1497887904134 4996.748470608339 4984.335474179222 5010.566685162234
1497887907654 4994.697383822763 4981.733523148148 5008.405977919862
1497887911009 4994.711870271563 4981.618034390533 5008.318967667102
1497887914130 4995.457768740495 4982.213677050172 5009.233999494055
1497887917657 4996.4546040968025 4983.127526539 5009.518110193139
1497887920811 4997.218104534678 4983.772319074102 5010.697184960925
1497887923964 4996.52611996087 4983.576307642738 5009.88722567624
1497887927265 4997.062290151987 4983.503356951411 5010.106910444743
1497887930201 4996.729466040154 4983.726001584718 5009.766290990131
1497887933004 4997.575980863287 4997.575980863287 4997.575980863287
