1497887533947 5073.265920826162 4959.373480662984 5185.440397350993
1497887536521 5010.234101579172 4919.295364612775 5105.861069993656
1497887538698 5007.796783276451 4936.976311360449 5079.114328507239
1497887540734 5025.042124346806 4968.700536809816 5085.215782664942
1497887543514 4989.960324232082 4947.829848260548 5040.358461002786
1497887545953 4991.978105830346 4951.221339950373 5035.351467438495
1497887548153 4988.008578232628 4948.753666856432 5030.3419943912395
1497887550666 4979.3761203585145 4942.520620370398 5018.309590560556
1497887553640 4980.790405453311 4946.646658010314 5018.313589679599
1497887556167 4993.148108615831 4956.266699834163 5029.505603221853
1497887558914 4995.267864230567 4958.551749586577 5032.887449807102
1497887561413 4996.99554906906 4961.623967574182 5032.113162517584
1497887563914 4997.014210645391 4964.146014897483 5032.537160116616
1497887566560 4997.328104190145 4964.915945136753 5031.5524206438
1497887569139 4999.0914290592455 4967.864109435946 5031.241734897778
1497887572073 5001.442334277717 4974.2975129399065 5032.358558430817
1497887575022 4997.686432323784 4970.090743362359 5028.437928046292
1497887578264 4993.16976485101 4966.339287000619 5022.19933700926
1497887581536 4989.026864257392 4962.7974583798 5017.818283172792
1497887584585 4987.828670806393 4962.1103586155195 5015.320231992129
1497887587750 4989.316151012026 4964.374521122836 5016.604670699905
1497887591144 4989.9172025654825 4966.615956585483 5015.084352678571
1497887594338 4990.441742100768 4964.372625 5017.147310218634
1497887597444 4991.840086589698 4965.246661591997 5016.525081462914
1497887601191 4994.24962423994 4970.059169774607 5018.0978517515
1497887604824 4994.541239864562 4971.514268498733 5016.215377343627
1497887608618 4993.786991849091 4970.064956362394 5018.141850256197
1497887612101 4991.3624590079935 4966.051519913633 5015.403222849601
1497887615564 4993.968952029583 4969.456440789474 5018.310432048127
1497887619120 4995.409805956698 4971.239483961981 5018.955764245537
1497887622984 4994.685885855104 4969.65101948755 5018.257775321455
1497887627003 4994.863120128137 4969.091652021568 5018.549863964725
1497887631485 4995.026504264342 4969.508148567201 5018.529898970247
1497887635813 4995.0872101713885 4973.164046536842 5016.55162871112
1497887639788 4993.659702321212 4971.859033669405 5015.61130016745
1497887643511 4993.032856972016 4969.673938501455 5015.09883256805
1497887647298 4992.520922664297 4970.008692267774 5015.965712245462
1497887650775 4992.316078133209 4970.919129315415 5013.6899305350435
1497887655608 4993.612797532594 4973.174048168597 5013.93395161984
1497887659325 4994.849648661925 4974.227785468902 5014.961902173913
1497887663114 4995.4323398511915 4974.186280216274 5015.223575302546
1497887667337 4994.881121061105 4972.358465882948 5014.510228937369
1497887671618 4995.714889655644 4974.319768675721 5015.142641304348
1497887676037 4995.313352778644 4974.171199842975 5014.261365432549
1497887680196 4994.470891697984 4973.638113197333 5012.595840817243
1497887684454 4996.4447035309795 4975.767181921101 5014.099579152585
1497887688543 4995.588522426877 4975.245557320893 5013.773766424751
1497887692488 4993.661172872988 4973.639136449192 5011.166720673408
1497887696632 4994.58764956407 4975.711928950848 5011.935703730761
1497887700558 4994.8749359215335 4975.414825117553 5011.920946348099
1497887704080 4994.0519813400315 4976.258939814815 5010.610199396284
1497887707975 4994.532217827027 4977.559588424331 5010.4944444120065
1497887711960 4995.663378729367 4978.471411963995 5011.519297111301
1497887715828 4995.637607056663 4978.3990185185185 5010.9144346540625
1497887719841 4997.495194648761 4980.162915158964 5012.582305779572
1497887723652 4996.078267704426 4977.979462962963 5011.66706629204
1497887727139 4994.696014012902 4977.555053792004 5009.417338242286
1497887731157 4996.248226041413 4978.688878693117 5011.5113037454485
1497887735121 4996.331204613413 4979.26865131579 5011.33852959433
1497887738766 4996.393771094117 4979.604929502302 5011.203597451385
1497887742030 4996.871841317174 4980.819235202022 5011.332059518868
1497887745719 4997.545184210414 4982.226603588672 5012.044285081384
1497887749221 4998.142116169276 4982.359254950957 5012.967129310345
1497887752786 4997.048725047854 4981.4437966529 5012.21029097915
1497887756375 4996.864935997129 4981.383047061309 5011.739430668068
1497887760065 4996.856291365262 4982.0668517292315 5011.509013681295
1497887764126 4998.0059139739 4982.684101845758 5013.197521119952
1497887768030 4998.097523557189 4982.492057897349 5012.598127479871
1497887771731 4997.733462951885 4982.252068223554 5013.618538820731
1497887775815 4997.42169086543 4982.363943730001 5012.513381373711
1497887779681 4997.253298919732 4981.177494832756 5012.695017378057
1497887783706 4998.6269772768055 4982.679575995326 5014.87969277477
1497887787640 4997.86576386782 4981.7351596267645 5014.445562820478
1497887791760 4997.513323989163 4981.551107737391 5013.871088390552
1497887796432 4997.638655749474 4981.79442820013 5013.862365600588
1497887800339 4997.7178454977075 4982.120309150741 5013.7776101601685
1497887805112 4998.573082922035 4982.483186331614 5014.963570127505
1497887809224 4999.306841295615 4982.864557042051 5015.730577586207
1497887813341 4998.798479656107 4982.459090030912 5015.46441215375
1497887818210 4998.711143300304 4982.896984034697 5014.7294008736335
1497887822180 4997.958140707382 4982.7784183867525 5013.641819019258
1497887826700 4998.637147117764 4983.3231636154605 5014.876450817018
1497887830988 4998.471899887207 4982.153298883319 5015.1672031977905
1497887835055 4999.280121845975 4982.979980549478 5015.529705049087
1497887839034 4999.440483616012 4983.447289228565 5015.26376212589
1497887843603 4998.75945181603 4983.169120134982 5014.142465206764
1497887847741 4998.19733418776 4982.374455327312 5013.747066789638
1497887852062 4998.273538194697 4982.857970277448 5013.736086206896
1497887856354 4999.265084227301 4984.257823938709 5015.008420337191
1497887860848 4999.15403544148 4983.8735368294865 5014.6285431034485
1497887865289 4998.31012650116 4983.793485163845 5012.775328787646
1497887869506 4998.294457403088 4983.6663163485555 5012.50912973465
1497887874455 4997.096603044956 4983.238008885665 5011.2405003028
1497887878269 4997.1171655723065 4983.555727696594 5010.579998449775
1497887881529 4997.033240204371 4983.266043129919 5011.027506497059
1497887885505 4997.365016574963 4983.557354042654 5012.377410580163
1497887889321 4997.498814624332 4984.31009117894 5011.628331373032
1497887893585 4997.310527327481 4984.151842592592 5010.4363886471465
1497887896882 4997.871801553196 4984.610768518519 5011.0646382981195
1497887900762 4997.575980863287 4997.575980863287 4997.575980863287
