1497887587517 5021.523484201537 4905.3525 5128.49854368932
1497887590342 5016.008736415939 4918.835185185185 5114.1966277561605
1497887593768 5026.303002990175 4963.03033 5092.334677419355
1497887596984 5015.079512664315 4950.298046875 5078.321341164953
1497887600719 5018.306068376069 4968.198847983972 5069.541944444444
1497887603676 5012.916789912374 4968.25513108674 5062.06159245409
1497887607053 5012.966029705847 4969.736439585503 5062.162763888889
1497887610967 4992.157740980708 4948.124467347141 5040.599452277107
1497887613817 5003.430808072178 4965.356888238371 5045.485565412179
1497887617076 4997.145048278219 4965.237162004208 5031.978590296121
1497887620730 4993.614098893115 4959.208744565218 5029.081063493857
1497887623806 4987.805865611432 4957.877504894752 5019.91094219591
1497887627315 4980.209928786985 4951.68264673913 5012.899004380094
1497887631484 4974.452809065582 4948.4713864904115 5001.524755769289
1497887635562 4976.218602564102 4953.549815897769 5000.8678638156525
1497887639725 4978.04710914366 4952.336458273423 5003.85828009828
1497887643096 4977.100574172491 4950.355187601752 5002.729832718868
1497887646119 4980.181486986307 4950.430671614422 5007.152787393188
1497887649141 4975.42529638867 4948.7600165611875 5002.863117079263
1497887652428 4971.431655137074 4946.93924220321 4996.2989875132425
1497887655863 4980.567428395758 4956.113552659537 5005.408599029811
1497887659533 4986.1768988057875 4962.008260416666 5009.495038461539
1497887663308 4981.452755502037 4954.287296202549 5005.71925
1497887667648 4981.311886451657 4954.85003429815 5005.39533173077
1497887671700 4981.41597636168 4955.82483226774 5004.93407690793
1497887675632 4982.91741434605 4959.867630681818 5004.4627943548385
1497887678738 4983.0516446961055 4960.2527774821965 5004.841576003611
1497887681951 4985.080214908647 4963.703269827204 5007.286475806452
1497887685185 4982.51201448743 4962.86001985094 5003.074036588857
1497887688758 4981.6784667947895 4961.345529924032 5003.673199831564
1497887692673 4981.97333737636 4963.062741323801 5003.492239213745
1497887696735 4983.34218653226 4963.387091999756 5003.819589365426
1497887700600 4983.208836353232 4963.55770139099 5003.476658554819
1497887704168 4985.053514619159 4964.928069914211 5004.949211103862
1497887708143 4987.62831200779 4966.495342317871 5009.107425373976
1497887712041 4988.139523164894 4968.106915137953 5009.055562888145
1497887715949 4988.766489593386 4966.56709594248 5010.437427776088
1497887719455 4986.1098196290095 4963.074979981587 5009.249110836902
1497887723096 4985.089593154335 4963.068805 5008.616171087635
1497887726516 4986.558783091375 4966.380023148148 5008.869034348671
1497887729894 4989.288819146438 4970.299346590909 5010.643322054654
1497887733525 4988.161578727147 4968.254239365474 5009.446453835517
1497887736550 4986.838691909617 4967.7092109580935 5008.54034261192
1497887740190 4988.461692179594 4969.08811 5010.249685654931
1497887743829 4989.026222969972 4969.426379908864 5009.849654654175
1497887747470 4987.976367091581 4969.777023498695 5008.458653945868
1497887751181 4988.810012042122 4970.730071395821 5009.038930941518
1497887755274 4988.724012041248 4970.496781519024 5007.750002982167
1497887759095 4990.780284817559 4973.021924784539 5010.485465015317
1497887762145 4992.110626195682 4974.807799965372 5011.904977909917
1497887765919 4992.93268565572 4976.355555141163 5012.663523125376
1497887769471 4993.178955010356 4977.653578379997 5011.327180072459
1497887772794 4991.968932188115 4976.510494832855 5010.429564522573
1497887776269 4992.250450573574 4976.732026413112 5010.537102312312
1497887779797 4992.202155240532 4977.027013856057 5009.72139898489
1497887783671 4992.1783996651375 4977.415577425244 5010.168634762793
1497887787451 4991.183709031272 4975.95139640102 5009.054239701536
1497887791553 4991.422275654714 4977.063273399529 5008.348090240897
1497887796154 4991.452123479568 4976.971440217391 5007.519332087016
1497887799994 4990.792752775155 4976.390687668292 5007.079801750238
1497887804337 4992.105698627563 4977.766846500767 5007.797299876482
1497887808608 4989.8119163769015 4975.534394996342 5005.210542805389
1497887812935 4991.106412156995 4976.206068181818 5007.1391465517245
1497887817647 4990.486873304424 4975.838375 5006.548936997999
1497887821699 4990.022485591363 4975.523402173913 5006.070840517242
1497887826081 4989.5091924409635 4974.287793478261 5005.569003571429
1497887829777 4989.274687665567 4974.721824657058 5005.909513521262
1497887833224 4988.919177590538 4973.986953867388 5005.910927372345
1497887837180 4989.601561398336 4975.057014554348 5006.469824722776
1497887841228 4991.965857619007 4976.621170100058 5007.9751999842765
1497887844326 4991.790029656346 4976.204744318182 5008.456660691542
1497887848254 4992.381453608379 4976.982396406263 5009.637722467497
1497887852681 4992.636128205128 4977.1853650793655 5010.4813677643415
1497887856845 4991.24958762446 4976.167388860897 5008.590998235965
1497887861050 4990.472178896044 4975.018003165119 5007.946699529852
1497887865783 4989.575351363363 4974.000003967719 5007.169024274043
1497887869676 4989.875584878409 4975.027404676933 5006.388067539324
1497887874521 4989.510374206339 4974.5174509361605 5005.911195518992
1497887878589 4990.122784155726 4975.556914680735 5006.61907400639
1497887882945 4991.6365543436 4976.30688350433 5008.170911866021
1497887886770 4992.241858239594 4977.627486234408 5008.4139472523475
1497887890641 4992.004853041695 4977.409480337079 5008.329456072358
1497887894643 4991.446737700156 4977.340378703821 5007.467043292655
1497887899504 4992.133094370415 4978.265688616842 5008.007478430475
1497887903432 4991.860759818163 4977.630320097215 5007.525745729794
1497887906641 4992.6795525818825 4977.827433274151 5008.164413199459
1497887910377 4993.019348664733 4979.098018219531 5008.826680995855
1497887913504 4992.8890569261985 4978.9040729724375 5008.255413276076
1497887916579 4993.478735038062 4979.736874928128 5008.978181652706
1497887919452 4994.668379814758 4981.063166285931 5010.0461184195265
1497887923085 4994.788670297981 4981.4146216030895 5009.527846583436
1497887927008 4994.031207946171 4980.401046573245 5008.544604328487
1497887929943 4994.701081616787 4981.508531775245 5009.609847542004
1497887932846 4995.825545530664 4982.220520115257 5010.544912384419
1497887936467 4996.715282910054 4983.291781358672 5011.482391530192
1497887939164 4997.616365500448 4984.929085762307 5011.787537279025
1497887942100 4998.061427003106 4984.834072684975 5012.384744433706
1497887944691 4997.735473646891 4984.343768518518 5012.2517357233055
1497887948041 4997.6447382472925 4984.473106062461 5011.093572343617
1497887950606 4997.575980863287 4997.575980863287 4997.575980863287
