1497887534043 5036.215351812367 4919.93834841629 5144.269881556684
1497887536554 5014.5825511945395 4932.8135721493445 5100.687131460284
1497887538802 4987.88499485555 4920.1953178768445 5058.159717208841
1497887540811 4969.550133475707 4922.5881944444445 5020.919440644475
1497887543596 4959.9266125587355 4911.9202948629345 5012.81816918051
1497887546033 4974.374630840403 4924.707232638889 5024.255069114916
1497887548373 4971.268538519992 4928.980874391273 5015.155869176788
1497887550761 4965.667536293766 4929.65987614659 5002.477490912822
1497887553920 4965.489773003804 4931.602480149444 5000.933829164025
1497887556687 4961.647021167634 4933.181864064603 4990.657618882333
1497887559512 4976.2161919846985 4945.665907608695 5005.468943008123
1497887562123 4987.433487355124 4957.186375697983 5019.66461358085
1497887565073 4983.432708731894 4957.263901041667 5012.765473457675
1497887567851 4987.203214744781 4959.938803066226 5017.10517244808
1497887570958 4996.109941070971 4968.003025 5024.0960964053975
1497887573661 4991.913361811192 4962.062551132131 5020.08926889715
1497887576480 4992.287694055929 4962.752974787936 5022.846460910785
1497887579517 4985.928501544469 4957.451778838145 5016.0774221991705
1497887582500 4989.5436838035175 4962.249554367201 5017.228923479512
1497887585626 4991.313334615303 4964.079397321429 5020.3151006773005
1497887588968 4993.957196631446 4968.387823971109 5020.360872318937
1497887591986 4993.39447808455 4968.40125 5018.227621404744
1497887595502 4995.113570802795 4970.35075374671 5018.177135902306
1497887598915 4996.883350427351 4971.271236049472 5021.158248861314
1497887602382 4996.460086834638 4970.419833333333 5020.389260839503
1497887605910 4996.919973677801 4972.412989238051 5019.396868565809
1497887609607 4997.106257797679 4972.935377864361 5020.00863166707
1497887612975 4996.285495746109 4972.5443757871535 5018.420363810478
1497887616775 4996.243631267252 4973.0506449677105 5016.747175825488
1497887620552 4993.781188838084 4970.183136045807 5014.413329767057
1497887623827 4993.947432287505 4972.044675849685 5013.746968136426
1497887627782 4994.969848323008 4974.065600694445 5013.564109152122
1497887632076 4994.143842962318 4974.186510869566 5012.427947916667
1497887635884 4997.266908795693 4977.027538894416 5015.205933446898
1497887640041 4996.83766577796 4976.220076141061 5014.6434568965515
1497887643753 4998.900525171033 4977.6849957133545 5016.908067920101
1497887647451 4998.907705982147 4978.9279476318825 5016.351520596803
1497887651055 4998.317849664544 4978.808013261144 5015.985142441344
1497887655292 4994.0564017744955 4975.760725470439 5010.212793091792
1497887659247 4994.034232232147 4975.499736842105 5009.8950792190835
1497887662976 4996.396217625438 4977.72276501958 5011.620828899766
1497887667314 4997.509944784437 4979.465259056652 5013.202339016993
1497887671569 4996.708648295253 4978.719745003616 5012.533812597246
1497887675881 4996.175342044318 4979.438519953964 5012.127282975906
1497887680001 4998.536139661104 4981.1718511719855 5014.909102230801
1497887683891 5000.020213675214 4982.651396198991 5016.859556985587
1497887688084 5000.308733150413 4982.45406345833 5016.901864829762
1497887692071 5000.970404844631 4982.738939029233 5017.682140050931
1497887695393 5001.002222165243 4983.455002646903 5017.221780682205
1497887699964 5000.814329184902 4984.003381908555 5016.995725382273
1497887703605 5002.278756069206 4986.594517205073 5017.668334821428
1497887706731 5003.144839523056 4987.598994383663 5017.390371473492
1497887710771 5002.897607042133 4986.761365680968 5017.909195833333
1497887714125 5002.621206100151 4986.712653493919 5017.752556432958
1497887717070 5003.065693836129 4987.974733337184 5018.325553502545
1497887721020 5002.135301205849 4986.990656103085 5017.301880434783
1497887724804 5002.149378036638 4987.598946390087 5018.090375
1497887728366 5002.0177899900855 4986.755331368078 5018.540739130435
1497887732149 5000.750623824987 4985.984434919918 5017.293877305774
1497887735981 5001.219599834226 4986.860765391485 5016.467173236514
1497887739875 5002.1325959533815 4987.1911581654285 5018.2185748695065
1497887743766 5000.084434836846 4984.831220762167 5016.232690378439
1497887748024 5001.391101903074 4985.703958624061 5018.24402716855
1497887751715 5001.152218211333 4986.336560432953 5017.666510215106
1497887755813 5001.1703091092395 4986.860958333334 5016.8120264196605
1497887759952 5000.404501822003 4985.342967592593 5016.3568125
1497887763880 5001.107758620689 4986.1825769633915 5016.7855016435
1497887767658 5000.40144042854 4985.318462264014 5015.96776354091
1497887771411 4998.599925677234 4984.477926865611 5013.1398667392605
1497887775168 4998.421190219899 4984.683097741457 5012.7419890378205
1497887779325 4997.620815604655 4983.8636382412715 5012.067970473889
1497887783242 4997.5712790543685 4984.759540496444 5011.935991785042
1497887787144 4997.297624387514 4984.909535837601 5011.301074742198
1497887791185 4998.697686441221 4986.029842383316 5012.310297413793
1497887795549 4998.336113377968 4985.9123658652115 5012.199469827587
1497887799588 4997.942569400826 4984.732825594131 5012.047745124385
1497887804057 4997.894118451298 4984.891689541023 5012.155277871426
1497887808322 4999.068877125976 4985.632943983476 5013.203014143288
1497887812796 4999.291734841656 4986.265911816253 5013.3438772383
1497887817371 4999.2564239485655 4985.819143518518 5013.007994189662
1497887821510 4999.71742984446 4986.459691470516 5013.528664390557
1497887825062 4999.102983391429 4985.842951771801 5013.022517190137
1497887828657 4998.930635764079 4986.170936508515 5012.806861955646
1497887832130 4998.103466983349 4985.0857468355425 5012.083762430997
1497887835380 4998.145619206288 4985.697524779485 5011.514467641211
1497887839408 4997.626658009065 4985.178134259259 5011.9082001272245
1497887844069 4997.090327707076 4984.7879098733365 5010.975212165431
1497887848246 4998.016052900244 4985.401431997551 5012.026215348363
1497887852648 4997.8674685928845 4985.417692532089 5011.303007371411
1497887856975 4997.268197351559 4984.372407319445 5011.120058488236
1497887861283 4997.622838981421 4985.130434205696 5011.0070241967605
1497887865922 4997.092160682096 4984.305406456631 5011.437884704138
1497887870082 4996.479062277071 4983.731218971067 5010.319697166118
1497887875092 4996.2905780633255 4983.415650659368 5010.381811487481
1497887878953 4996.829109922594 4983.977065313048 5011.112507044817
1497887883459 4997.371154322623 4984.636500271625 5011.676717987061
1497887887403 4997.200181120727 4984.038680734633 5011.098852816098
1497887891535 4997.892381298191 4985.116913343125 5011.642079495477
1497887895665 4997.259147083826 4984.522639114339 5010.875397796817
1497887900397 4997.575980863287 4997.575980863287 4997.575980863287
