1502463194151 5032.011603105537 4995.949515575444 5070.1184687015
1502463195333 5021.802417202281 4997.583423538152 5047.288705833353
1502463196637 5016.443897301605 4995.902474568118 5037.033172734022
1502463198033 5008.8279015665685 4991.07549762873 5027.9760282293055
1502463199287 5001.23948231116 4986.523396893982 5016.63286300132
1502463200322 4991.726683504678 4975.965778624361 5007.61689832549
1502463201517 4989.809855719391 4975.7224059619875 5003.620237390189
1502463202630 4989.842815217971 4976.420245267012 5003.888249414492
1502463203909 4989.468410144041 4976.490342165867 5002.523392041749
1502463204570 4990.0648222457485 4976.793642043366 5001.894671994672
1502463206050 4989.977313298458 4977.919548552114 5000.691869685679
1502463207095 4988.091360554382 4977.7666148450235 4998.844234988762
1502463208565 4987.995084696233 4977.701099182276 4998.437340260736
1502463210266 4986.827150331102 4976.531578272003 4997.834106714592
1502463211359 4987.660273957012 4977.502855887522 4997.970284949113
1502463212529 4987.312691400706 4977.324809818413 4997.69015050386
1502463213706 4986.9540858981345 4977.238391141478 4996.532999450646
1502463215251 4988.471272216848 4978.914785975821 4997.235000582838
1502463216704 4989.900644459869 4980.335830262273 4998.767411419643
1502463217736 4991.207198921037 4981.960828601835 4999.5081727580455
1502463218642 4992.6233497008325 4984.184426213413 5001.593288080268
1502463220107 4992.380920787162 4984.0022044532025 5000.867492592619
1502463221202 4993.766257503642 4985.737757234499 5002.1555953971465
1502463222604 4993.935911411606 4985.785797005262 5002.227219703769
1502463224100 4993.950920088296 4985.592359269768 5001.920254789229
1502463225286 4995.3004259859645 4987.521804020957 5003.266255083102
1502463226256 4994.6583943521255 4987.128395314257 5002.061616787165
1502463227571 4994.857001961864 4987.360270950765 5002.207186281497
1502463229033 4995.891921964573 4989.145161504648 5003.476866959413
1502463230564 4996.068411393126 4989.781754689548 5003.214486510117
1502463232203 4995.93145247343 4989.792699823622 5002.865941936515
1502463233385 4996.140461629776 4990.141581732883 5002.8390903821555
1502463235038 4996.126762548986 4989.654949141607 5002.494996732163
1502463236232 4995.799197583713 4989.139685068185 5002.2717484986915
1502463237570 4995.357443632679 4989.027479504221 5001.641932369962
1502463239206 4994.754502341573 4988.587584021264 5000.919365589335
1502463240207 4993.889998857988 4987.669598852158 5000.099714045181
1502463241642 4994.749024765837 4988.456113578712 5000.663233965883
1502463242852 4995.169702395349 4988.874905424802 5001.05786454249
1502463244679 4994.449425349906 4988.483365320667 5000.467706967597
1502463245703 4995.173171754943 4988.940772553911 5001.156158147079
1502463247277 4995.56386536603 4989.643807965084 5001.506436097389
1502463248791 4995.618196923571 4989.583027130083 5001.250423303559
1502463250307 4995.391385408118 4989.426987935709 5001.265979342391
1502463251569 4995.401843045236 4989.638688072819 5001.076186106041
1502463253492 4995.580288459309 4989.420820488238 5001.49164215189
1502463254781 4995.820675620824 4990.069927486625 5001.6027677049005
1502463256377 4995.886317421732 4990.296972829322 5001.438614019173
1502463257647 4995.633943339219 4990.385738305778 5001.1059178746
1502463259261 4995.645718582782 4990.491771349636 5001.004142426797
1502463260851 4995.725213600113 4990.355944633171 5001.077395511826
1502463262157 4995.436391750292 4990.120978576255 5000.564544557421
1502463263499 4996.045693450289 4990.832713194681 5001.318791652013
1502463264981 4996.118951501367 4990.768472199138 5001.363550978676
1502463266844 4996.607838694534 4991.120499134704 5001.725486884708
1502463268589 4997.161380520237 4991.77195995869 5002.3325366229765
1502463270355 4997.275222090364 4992.009136102399 5002.371856780687
1502463271686 4997.151155201479 4992.080477553648 5002.213273275562
1502463273326 4996.831131197891 4991.9041408563635 5001.724864059797
1502463274911 4997.557992874168 4992.773871866565 5002.3687489389395
1502463276245 4997.320357687332 4992.49025812272 5001.9855503368135
1502463278082 4997.651565600905 4993.054944644903 5002.188372136731
1502463279721 4997.507271059517 4992.919033908225 5001.970357620436
1502463281470 4997.861582516191 4993.131827365324 5002.256351554243
1502463283119 4997.662656274623 4993.259731343922 5001.8991645090855
1502463284590 4997.820128364724 4993.305409201352 5002.143901024454
1502463286564 4997.450299401197 4993.00427137904 5001.892832887821
1502463288063 4997.320359495667 4992.8253652512185 5001.837886602796
1502463289717 4997.411001364547 4993.154181766755 5001.91960486878
1502463291465 4997.770736692178 4993.39343203705 5002.082385874219
1502463292992 4997.8495327428645 4993.4896230439945 5002.069926549456
1502463294543 4998.218666399521 4993.958852504844 5002.551148072579
1502463296093 4997.771844648842 4993.405756416968 5002.091216542164
1502463297818 4997.956466921366 4993.829787502926 5002.2814584790085
1502463299910 4997.526870846823 4993.450443660934 5001.992238957287
1502463301492 4996.93336006456 4992.995497220945 5001.123414512437
1502463303483 4996.9819312870095 4992.966063125644 5001.127737630949
1502463305391 4997.093958424188 4992.944691777399 5001.162485577162
1502463306697 4996.713149020358 4992.687838027807 5000.898835980058
1502463308364 4996.658796465238 4992.489761832127 5001.205330634206
1502463309623 4996.851384205202 4992.892836018268 5001.20049867728
1502463310831 4996.647748015496 4992.716945968528 5000.9735855895915
1502463312418 4996.923518558704 4992.8085370035005 5000.984385782395
1502463313846 4996.966280294512 4993.091301071104 5001.092994896392
1502463315784 4997.211350957797 4993.197661276828 5001.5508322104615
1502463317803 4997.107058700917 4993.1845718495615 5001.477522513671
1502463319255 4997.142696091225 4993.079948485016 5001.559922401288
1502463320495 4996.564450676273 4992.591825211528 5000.841257367773
1502463322328 4996.553093852387 4992.722681472215 5000.614094396223
1502463323636 4996.313979113681 4992.543305861081 5000.353751297631
1502463325254 4996.231329496415 4992.386812919155 5000.067276477263
1502463326816 4996.345956909641 4992.63148177199 5000.181123048414
1502463328594 4996.554049532919 4992.766310605048 5000.54166017938
1502463329864 4996.661891406302 4992.657957034315 5000.510371757563
1502463331368 4996.626916337955 4992.729413155383 5000.465992721282
1502463333858 4996.755115577872 4992.917175304276 5000.4689349373675
1502463335456 4996.866257732417 4992.867377622317 5000.677451994961
1502463336919 4996.991974423374 4993.2140747348685 5000.670079412159
1502463338596 4997.263371746383 4993.455253469335 5000.97313621341
1502463339904 4997.577122127142 4997.577122127142 4997.577122127142
