1498510950428 5006.46983218754 4966.859475822513 5047.436614882843
1498510953034 4999.235289095683 4974.1340330350995 5027.232609565033
1498510954995 5015.474956685017 4995.854016431925 5036.210640559715
1498510957609 5010.175945977661 4994.064741727555 5028.86742442163
1498510960011 5008.820715907345 4992.954526269584 5025.106057538044
1498510962298 5005.600522102956 4991.74120069764 5019.776978872087
1498510964423 5003.209284371816 4988.705771793335 5016.729763605023
1498510967551 5004.572077252344 4992.548473893207 5017.211719009063
1498510969785 5003.116372044085 4992.688974014014 5014.921135378918
1498510972818 5000.000034138286 4988.2400153456765 5011.747184938491
1498510974927 5000.966505504822 4989.610892930837 5012.6951131392225
1498510977256 5000.294804947084 4990.04069516914 5011.652536021105
1498510979748 4999.396134486485 4989.3668573147625 5009.8931308493575
1498510981733 4997.450780160487 4987.768792916556 5007.688909731396
1498510984720 4997.455527200724 4987.779583984862 5007.209934151182
1498510987270 4997.225765374162 4988.291802384865 5006.3003046217345
1498510990187 4998.413210292737 4989.42363858795 5007.284427404157
1498510992967 4997.924492827403 4988.920141008175 5006.528821360957
1498510995781 4999.931397118721 4991.532029050902 5008.280644421563
1498510998054 5000.3991601748785 4992.358433006084 5008.805967486829
1498511000738 5000.843529039744 4992.85177829428 5009.086222636624
1498511003430 5002.21604247587 4994.878780992409 5010.037090523306
1498511006586 5001.956488879292 4994.760496699381 5009.38164621879
1498511009039 5000.102024965326 4992.884619780819 5007.145213134251
1498511011616 5000.7850662242045 4993.514912933229 5007.987301851852
1498511014485 5000.681150779848 4993.8309927435475 5007.044912037308
1498511017671 5000.228036228918 4993.679382974878 5006.7261277171565
1498511020856 5000.63325153636 4994.0906438397205 5006.615936820972
1498511024305 5000.432710231715 4993.522068147609 5006.534412664566
1498511027574 5000.811308837963 4994.1516575897995 5006.9901073276305
1498511030454 5000.45867088975 4993.783240602518 5006.748108268657
1498511033786 5000.335944264849 4993.925091439242 5006.419501146904
1498511036735 5000.846802432397 4994.699110154795 5006.843038477995
1498511039788 5001.38861375786 4995.174238096698 5007.281602951709
1498511042842 5000.915072074595 4995.045192449855 5006.8759678618935
1498511045982 5001.258535534051 4995.534254149683 5007.275726009902
1498511049179 5001.786093901438 4996.421039916324 5007.263007433335
1498511052524 5000.873969314914 4995.36295997234 5006.333549254628
1498511055573 5001.046468266636 4995.639014198947 5006.5084851229385
1498511059771 5000.689139781964 4995.0719490024485 5006.120843660036
1498511063308 5000.68303700985 4995.399349185117 5006.055704511954
1498511066670 5000.055861100928 4994.618284740201 5005.4264644987525
1498511070296 5000.317020334061 4994.985542376651 5005.603940731862
1498511074264 5000.143874928996 4994.826844141952 5005.41644143941
1498511078144 5000.556582563718 4995.116388113133 5005.595131101535
1498511081990 5000.209374450527 4994.905802444248 5004.963816069038
1498511085505 5000.264608778113 4995.25119985908 5004.996745811973
1498511089057 4999.903557053825 4994.964532786204 5004.800277443786
1498511093337 5000.551045788146 4995.714558959811 5005.391382639436
1498511096897 4999.671999856606 4994.853430376293 5004.408547242471
1498511100966 4999.7761608069195 4995.067687578445 5004.373191144685
1498511105005 4999.629844678376 4995.037032773797 5004.143471599283
1498511109366 5000.010264871409 4995.581557367595 5004.506907219552
1498511113549 4999.841375222086 4995.3299986205975 5004.482395277102
1498511117509 4999.529492149823 4994.900679645519 5004.12018208444
1498511121307 4999.113990504135 4994.590334061107 5003.409375956414
1498511125606 4998.995586621672 4994.5980128141155 5003.153684499328
1498511129952 4998.797912181007 4994.25447916839 5003.218204934428
1498511134943 4998.814940856939 4994.165904092654 5003.207388607511
1498511139725 4998.667637299442 4994.094350619995 5002.907518395382
1498511144466 4998.648984141806 4994.232560831204 5002.979697056968
1498511148904 4999.453404366282 4995.126121674932 5003.780061162571
1498511153737 4999.3750295011 4994.867533035514 5003.45932428965
1498511158083 4999.444682776104 4995.182412750824 5003.487802581412
1498511162624 4999.511079254225 4995.14916552968 5003.240662441862
1498511166979 4999.724982896787 4995.523932649864 5003.617090303783
1498511171783 4999.401582320484 4995.185666460682 5003.580157737035
1498511177278 4999.216563635627 4994.911674963795 5003.2702336965895
1498511181904 4998.910284561017 4994.552777631894 5002.92411157081
1498511187306 4998.978614078236 4994.513532916535 5003.074916598776
1498511192044 4999.04080173813 4994.541855432526 5003.120629790643
1498511197150 4998.802321457607 4994.306519341293 5003.046883974448
1498511202093 4998.771051270408 4994.260174976215 5002.910156023247
1498511207270 4998.477665834884 4993.795410912611 5002.692991850669
1498511212134 4998.651943361859 4994.447876652196 5002.705120915066
1498511217407 4998.843026828818 4994.564821534413 5002.702247803628
1498511222265 4998.661789308364 4994.344742369062 5002.642919734293
1498511227262 4998.233587910059 4993.826244098589 5002.179456244071
1498511232591 4998.28834024087 4993.992265605861 5002.17063829905
1498511237607 4998.340209665903 4994.052085773493 5002.330233348371
1498511242555 4998.24329370853 4993.931069999718 5002.244783257209
1498511246638 4998.382941547276 4994.095958894947 5002.341560995017
1498511251472 4998.112660090617 4993.905314376469 5002.122509633395
1498511256002 4998.191363575643 4994.087025520578 5002.081524674922
1498511260595 4998.096057709913 4994.025414191734 5001.846625152611
1498511265233 4998.071414334595 4993.995859133861 5001.715203387257
1498511269776 4998.080378025587 4993.9466957850445 5001.735266508148
1498511273895 4998.306562607766 4994.094090612889 5001.9268736471795
1498511277986 4998.101546738687 4993.885465678858 5001.684138968637
1498511281784 4998.074488816051 4993.947183946404 5001.589342068091
1498511285510 4998.232246329339 4993.901276673817 5001.849671091822
1498511289428 4998.205513507423 4993.957656299913 5001.867928840948
1498511293731 4998.214709329272 4994.162071172974 5001.8500456116435
1498511298054 4998.319387284328 4994.411849679844 5002.096496527704
1498511301540 4997.998491713386 4993.95225462599 5001.849026375756
1498511305321 4997.74876315165 4993.564090866273 5001.563479312009
1498511309697 4997.564564019853 4993.519564122617 5001.234177631714
1498511313502 4997.292878857654 4993.358212820223 5001.133053849413
1498511317313 4997.629120033734 4993.83168726648 5001.32971649468
1498511321640 4997.577122127142 4997.577122127142 4997.577122127142
