1502463078935 4981.839774522783 4939.9167793431325 5017.705879884165
1502463080159 4971.52428925126 4945.33825759128 4995.509012547504
1502463081561 4973.391754777931 4950.142547257515 4994.308096876826
1502463082642 4981.934793280827 4962.316146213994 5000.42546098898
1502463083808 4985.0084695114665 4968.073900600727 5001.281037980656
1502463084999 4990.120045251766 4974.225250596304 5004.874800626602
1502463086219 4990.017068634326 4975.688511828813 5003.225162818236
1502463087248 4989.825861461791 4976.95717218794 5002.0424507241505
1502463088174 4989.114214161038 4976.664579167377 5000.608240258377
1502463089620 4989.92416048081 4979.079324711397 5001.437586863419
1502463090379 4988.781961481298 4978.135170290039 4999.660008778747
1502463091359 4989.359437693862 4978.6599932825475 4999.9370901969305
1502463093000 4988.524429165272 4977.308893575126 4998.207435684974
1502463094183 4986.4480280728285 4976.50361078772 4996.070292795615
1502463095404 4987.994135389694 4978.147323031729 4997.867148066828
1502463096240 4987.917491176918 4978.065884510473 4997.4209351537065
1502463097443 4987.654929825002 4978.3481307297925 4996.384235506523
1502463098623 4989.5421788159865 4979.972621523469 4998.137064391305
1502463099706 4991.036947688327 4981.830935259476 4999.520106390662
1502463101300 4990.888223118452 4982.484188647612 4999.274881877763
1502463102634 4991.925335219259 4983.502760593636 4999.936037565014
1502463104259 4994.07798075263 4986.221490523294 5002.027407702192
1502463105122 4994.494359984933 4987.2915329458465 5002.3328248209755
1502463106341 4994.753491548088 4987.6826714236895 5002.122125850063
1502463107500 4994.729788138414 4987.762073892257 5002.256889928478
1502463108619 4995.106148323356 4988.482143493602 5002.157809853896
1502463109939 4996.04596818171 4989.0670756611125 5003.491704560687
1502463110870 4996.570885325456 4989.901883225547 5003.50394658423
1502463112365 4996.198843377749 4989.725197423992 5002.806902886156
1502463113603 4996.4321736273205 4989.868127166278 5002.919347516913
1502463114904 4996.306110958925 4989.957374184248 5002.734944640987
1502463116004 4996.483217538573 4990.157401181465 5002.8224753429995
1502463117287 4995.9507492929915 4989.889099163096 5002.188314643283
1502463118484 4995.325132061643 4989.306501972433 5001.368284987252
1502463119578 4995.309001908036 4989.465501004011 5001.018590539335
1502463120717 4995.706482428679 4990.161969655693 5001.601460572128
1502463121705 4996.377607876019 4990.6034181890045 5002.027462207032
1502463122532 4996.066064582205 4990.3360324145315 5001.469110501539
1502463123932 4996.826916006478 4991.304799894658 5002.287016453983
1502463125074 4996.810234475606 4991.001275733145 5002.018119795557
1502463126370 4996.628047644376 4991.228174029509 5001.669788774838
1502463127567 4996.257432855355 4990.982959083952 5001.669255891868
1502463128592 4995.900376551763 4990.620242754127 5001.427289381115
1502463129787 4995.809522192941 4990.489944682035 5001.1567376610465
1502463131150 4995.758699569432 4990.4755112473085 5000.95423405526
1502463132315 4995.557519882431 4990.179823465223 5000.6397895573045
1502463133902 4995.700678857529 4990.38973144314 5000.808465465134
1502463135191 4995.4728339343765 4990.159079594462 5000.2744020571345
1502463136635 4996.504061351403 4991.356772303726 5001.328696888979
1502463137832 4996.925059001771 4991.838069480142 5001.579356795368
1502463139194 4996.640148551431 4991.615745722703 5001.267979671927
1502463140523 4996.795844768946 4991.628325116335 5001.613923218398
1502463142083 4996.282671663581 4991.251073076866 5001.163740957298
1502463143300 4996.51137312055 4991.395830813397 5001.329240860723
1502463145214 4996.944030331389 4991.879725205823 5001.838516281359
1502463146621 4997.129106995468 4992.238378083131 5001.8310224753195
1502463147776 4996.8263187766 4992.044758010505 5001.461864455121
1502463149314 4997.081597062535 4992.365315393726 5001.649552533385
1502463150881 4996.763224330772 4992.138051332987 5001.365209130371
1502463152183 4996.67877224717 4992.161121678418 5001.409280259947
1502463153633 4996.879156483965 4992.163303269562 5001.334648624825
1502463155280 4996.7624605574 4992.258296086308 5001.361111013537
1502463156438 4996.570372272178 4992.056602122924 5001.284706443188
1502463157976 4996.305389085793 4991.8492121167155 5001.155301811809
1502463159373 4996.249471279703 4991.94594348759 5001.163755757484
1502463160895 4996.480427119902 4992.146470463123 5001.307269259558
1502463162412 4996.381960068387 4992.273182471162 5001.1207425359735
1502463164110 4996.1606962529395 4992.216045947316 5000.785508202685
1502463165711 4996.121195008777 4992.137372111809 5000.549141087547
1502463167404 4995.9914661805415 4992.0135227306955 5000.460684463812
1502463168943 4996.012938659633 4992.071508783319 5000.486758604963
1502463170664 4996.093757076045 4991.986597837956 5000.457449166743
1502463172193 4996.184855059373 4992.156976791482 5000.486757881538
1502463174010 4995.985678100118 4991.8161290684175 4999.958830911268
1502463175314 4995.337176807593 4991.311069307987 4999.205189740089
1502463176519 4995.3716225170765 4991.22595196317 4999.319170760739
1502463178161 4995.753188137822 4991.6802369961315 4999.809609011883
1502463179658 4995.646640275114 4991.719608468783 4999.74440111482
1502463180996 4995.625589869506 4991.728997206437 4999.735053778126
1502463182600 4995.716684947409 4991.79903778598 4999.931372787552
1502463183908 4995.987817581441 4992.023449938723 5000.049126537983
1502463185669 4995.965432386631 4992.030749886535 4999.942280842634
1502463187224 4996.4014146499985 4992.466520583282 5000.344060427317
1502463188748 4996.689930515333 4992.762700454947 5000.41811646596
1502463190063 4996.908555582389 4992.942790318361 5000.726140962245
1502463191575 4997.129303568309 4993.127244010064 5000.874649114211
1502463193127 4997.643171765108 4993.552918708921 5001.434245246359
1502463195120 4998.039945740604 4993.974178381729 5001.9801845594175
1502463197163 4998.209735945506 4994.172718172096 5002.053008913306
1502463198984 4997.897098078268 4993.9372738792235 5001.680279511894
1502463201051 4997.637781342188 4993.687386712206 5001.5929874872345
1502463202731 4997.670391828581 4993.81655518202 5001.606922252489
1502463204619 4997.519307118125 4993.5997237447355 5001.4243085383305
1502463206927 4997.428379565623 4993.642541172623 5001.364667225902
1502463208605 4997.487262979281 4993.547553838681 5001.255082238674
1502463210402 4997.39060043026 4993.667986922151 5001.367983529905
1502463212170 4997.236248638778 4993.407409124988 5001.098460886592
1502463213843 4997.129648090202 4993.236922846765 5000.98329875707
1502463215565 4997.220982266031 4993.369876900663 5000.907627247022
1502463217636 4997.577122127142 4997.577122127142 4997.577122127142
