1498510901593 5000.580683709615 4964.158144709255 5034.411402087833
1498510903422 5000.902280338744 4976.0244667919105 5027.6247315852725
1498510905740 4994.849224009215 4973.5840694065855 5017.703718496625
1498510908362 4996.968889647303 4980.413481388122 5016.6223667154945
1498510911166 4996.280307878726 4978.660173729929 5015.209795177039
1498510913757 4994.173849961594 4979.501339358233 5010.264627697284
1498510916353 4997.965256250939 4983.352280548699 5013.100457880081
1498510918361 4998.509023469642 4984.7714438387475 5013.089589771623
1498510920079 4997.278559002733 4983.461817089002 5011.351989597821
1498510922229 4997.52095123471 4983.991152822901 5010.365649903166
1498510924981 4994.633209453562 4982.521803329589 5007.267880961526
1498510927927 4996.5834649020035 4985.381031925548 5008.869112892544
1498510930064 4997.374833590213 4986.713574553297 5009.05716592152
1498510932108 4997.26053765763 4986.180477593924 5007.710401016831
1498510934976 4997.309507296676 4987.3166721088655 5007.064698809166
1498510936902 4997.266024801085 4987.574862679799 5006.965161810202
1498510939734 4999.636650063808 4990.522467608396 5008.768246626009
1498510942612 4999.2931301678245 4989.96299106701 5008.595973077599
1498510944559 4998.36585829081 4989.643588869242 5006.826410090101
1498510947290 4998.163766813846 4989.775350969302 5006.2663951540735
1498510949408 4997.413855391089 4989.538163778072 5005.150187869438
1498510951590 4996.019581706042 4987.894566780085 5003.561843449519
1498510954197 4996.100460464426 4988.08263873533 5003.719266855771
1498510956445 4995.794518688617 4987.804693029697 5003.168161298339
1498510959532 4995.64844552951 4987.774889047176 5002.80002384995
1498510962283 4997.104418032346 4989.497552268767 5004.266155139253
1498510964597 4998.257024351769 4990.7338724199735 5005.431977147387
1498510967678 4996.85586539151 4989.201380744423 5004.359674031324
1498510970004 4996.136627395815 4988.256137868644 5003.635578661573
1498510973105 4998.175727353121 4991.179470348312 5005.441191738042
1498510975235 4998.175744727347 4991.1797022567125 5005.03023177578
1498510977567 4998.4209674287185 4991.360781309843 5005.229650584888
1498510980680 4999.187759128007 4992.06833021607 5005.934769312413
1498510983260 4999.796555725853 4993.107844934648 5006.652879248116
1498510985855 4999.911589830351 4993.603673647147 5006.540273508038
1498510989274 4999.822461675952 4993.695436240633 5006.132277962083
1498510991910 4999.333787729344 4993.32882261172 5005.656652636983
1498510994440 4999.942271004991 4993.616906698675 5006.310210183418
1498510997438 4999.977635518227 4994.077120796916 5006.476342098878
1498511000421 4998.98782840267 4993.35553054957 5005.040037970294
1498511003113 4998.466815724762 4992.725365439863 5004.361777782988
1498511006156 4998.612895943051 4992.925479897374 5004.363831018546
1498511008868 4998.712074900625 4993.115441235678 5004.321767679612
1498511011589 4999.001924741334 4993.256214926302 5004.523670483125
1498511014754 4999.081284238127 4993.6515671170455 5004.779580163995
1498511018042 4998.75559651649 4993.314262242474 5004.48027334982
1498511021158 4998.632170285409 4993.218742862382 5004.210226728027
1498511024568 4998.64156916771 4993.189156679813 5003.842971497659
1498511027661 4998.645665080576 4993.305034701058 5003.933258147551
1498511030681 4998.527856426453 4993.101855279771 5003.742812427453
1498511033946 4998.850392648929 4993.367158673185 5003.978603131262
1498511036915 4998.563092467503 4993.080904387202 5003.552447359893
1498511040007 4998.860387736915 4993.824909731918 5003.638755858202
1498511043120 4998.124844380919 4993.150229921404 5002.972939555966
1498511046271 4997.936833910854 4993.160419025311 5002.850979874629
1498511049902 4998.026338128615 4992.911560927959 5003.025344326941
1498511053323 4997.992883661914 4993.020055994111 5002.763011077712
1498511056231 4997.9497019246855 4992.966983938668 5002.585311445533
1498511059946 4997.787791282036 4992.878843167739 5002.495883896515
1498511063587 4997.641822162661 4992.912744192083 5002.172171251075
1498511066994 4997.737228134106 4992.892789301052 5002.231375872984
1498511070892 4997.572011202416 4992.696577253701 5002.232719418439
1498511074622 4997.462650423465 4992.994239343335 5001.8552895278945
1498511078448 4997.2073087871895 4992.873269577173 5001.576024335056
1498511082165 4997.489002235105 4993.0175889995935 5001.819318196156
1498511085756 4998.01451257153 4993.476154559245 5002.342459156965
1498511089418 4998.282528775858 4993.801709070377 5002.694021146561
1498511093464 4998.248292129777 4993.941804411422 5002.559981092848
1498511097418 4998.082524621969 4993.726768339699 5002.281345650601
1498511101203 4998.126599106741 4993.94733322179 5002.209029224213
1498511105203 4998.0474648159025 4993.864526159496 5002.196949209659
1498511109679 4997.652476451834 4993.521720443519 5001.686238160949
1498511114111 4997.35279029232 4993.328679764458 5001.294100692951
1498511117999 4997.476323635734 4993.281321237603 5001.474215087702
1498511122311 4997.565306739119 4993.431345585036 5001.329303713739
1498511125975 4997.639588505503 4993.584680962572 5001.481006218228
1498511130297 4997.244010564044 4993.303572549758 5001.16736607609
1498511135240 4997.265482884524 4993.262501952182 5001.140716739768
1498511140185 4996.892821002431 4992.8521033766365 5000.885446172581
1498511144844 4997.102237822109 4993.154098837632 5001.257577449507
1498511149312 4997.055330514475 4993.0444632052295 5001.087502533308
1498511154043 4996.923799365944 4992.924426334841 5001.002193442552
1498511158300 4996.684913645563 4992.721700462589 5000.877421138726
1498511162944 4996.832627547254 4992.915019336534 5000.891007278196
1498511167261 4997.062076718606 4993.22664639926 5001.01232016092
1498511172168 4997.46034164571 4993.548095082865 5001.4368838830305
1498511177329 4997.210163221181 4993.389628683727 5001.25157400853
1498511182048 4997.431143014815 4993.521803391078 5001.39731277415
1498511187296 4996.695068851194 4992.899279739777 5000.66884308391
1498511192185 4997.135635639481 4993.184944223989 5001.24332380617
1498511197347 4997.124420839863 4993.3470595936515 5001.0719872261825
1498511202299 4997.097892541332 4993.057839482235 5001.018301836592
1498511207491 4997.090309917391 4993.186514658813 5000.924140518335
1498511212707 4997.228363447644 4993.306052814466 5000.998218628668
1498511217822 4997.104350550108 4993.285758069192 5000.637778814452
1498511222646 4997.2590934426835 4993.266813225547 5000.8291744645885
1498511227732 4997.720733293727 4993.748838413675 5001.298623493231
1498511232998 4997.542799610934 4993.780535235415 5001.327154578745
1498511237757 4997.420180397653 4993.668063692728 5001.090211010601
1498511242727 4997.577122127142 4997.577122127142 4997.577122127142
