1498254412353 4987.54418545082 4951.760095697728 5030.015252416756
1498254414878 4990.3349764206305 4965.7607972764345 5020.182044348297
1498254417534 4992.684752413733 4973.048555968849 5016.132239617725
1498254420865 4992.341822255415 4973.924369833242 5011.127918568655
1498254425187 4999.997328850125 4982.910202013261 5016.853789811968
1498254429517 4998.830293286946 4983.475656288901 5013.635389119698
1498254433766 4998.671659422788 4983.784976048808 5012.267140703204
1498254438187 4996.24577814082 4983.023930436221 5008.731999952515
1498254442488 4997.733800072213 4985.243455619101 5009.900541919583
1498254446965 4998.951561553103 4987.06930812756 5010.257854830538
1498254451674 5001.511708353123 4990.151454046944 5012.97872705986
1498254456281 5002.343377432292 4991.9871140911255 5013.6200097246
1498254460813 5003.202821196614 4993.171730620723 5013.7196996848315
1498254465541 5001.381017936883 4991.152843927611 5011.878735176331
1498254470128 4999.015931309271 4989.274144435847 5008.907408455487
1498254475237 4999.696325333773 4990.035366916066 5009.504535268381
1498254479907 5000.674642346774 4990.935088727897 5010.413954901966
1498254485227 5000.915674753035 4991.09702450867 5010.560461223313
1498254490067 5000.970965116919 4991.809981588922 5009.813907884582
1498254494587 5000.241347380638 4991.405372924387 5008.835799440216
1498254499943 5000.100428499254 4991.510501413919 5008.719844139019
1498254504784 4999.768870136559 4991.861994455467 5008.571989514563
1498254509716 4999.496055412399 4991.793408170676 5007.842025843616
1498254514823 4998.999560489453 4991.5043590525565 5007.219310212112
1498254519555 4998.950709538229 4991.491104999026 5006.958890561969
1498254524396 4998.908422787346 4991.47276598954 5006.130996642387
1498254529439 4997.119493272466 4990.002363815958 5004.972680846086
1498254534079 4997.883185648112 4990.488739895396 5005.380280887485
1498254539155 4997.412561993628 4990.780977626938 5004.629210323584
1498254543548 4997.151460360189 4990.21698044752 5004.507008189173
1498254547595 4997.225641769707 4990.41825014229 5004.734727978892
1498254551700 4997.523110504193 4990.830266712565 5004.839059230734
1498254555994 4998.195166945966 4991.7911531841655 5005.1780689698535
1498254560392 4998.605045961409 4992.319045552036 5005.491527147194
1498254564732 4998.024896005271 4991.782384435688 5004.943349889625
1498254569251 4998.357831857954 4991.9295195584245 5005.019414453366
1498254573862 4997.862408752583 4991.458705737939 5004.447220793542
1498254577970 4998.001561413833 4992.1108746555665 5004.432521697779
1498254581970 4998.131846668425 4992.53838708012 5004.746869541364
1498254585864 4997.5788119351855 4992.310184847875 5003.985745211416
1498254589948 4997.328019848542 4992.091997909537 5003.00916577732
1498254594095 4997.243350516784 4991.999462460264 5003.465533494714
1498254597677 4997.464395221259 4992.166832482416 5003.586356183906
1498254601978 4997.066653522372 4992.005393862005 5002.862521558762
1498254605706 4997.049166160592 4991.932426350597 5002.449141934468
1498254609559 4997.104944225322 4992.104117633855 5002.518680501231
1498254613418 4997.191636390485 4992.262258800597 5002.373587532683
1498254617337 4997.048308570541 4992.181655652882 5002.445607785275
1498254621933 4997.275724056578 4992.566887788168 5002.2278392695325
1498254625412 4997.323673662396 4992.39965354789 5002.185405292622
1498254629370 4997.475546883269 4992.704321299702 5002.3166687630555
1498254633543 4997.31615105462 4992.675384221059 5002.336830024044
1498254637326 4997.540203149673 4992.8870976487215 5002.523577255962
1498254640769 4997.754109443173 4993.113539904377 5002.694971108394
1498254644152 4997.991357514652 4993.366261847517 5002.753280174316
1498254648173 4997.911040263587 4993.352537806782 5002.55860282368
1498254651616 4998.126790931835 4993.6598880066485 5002.66603511832
1498254655220 4997.676293820901 4993.230892777182 5002.13219772185
1498254659247 4997.157124645282 4992.501231096982 5001.417961172897
1498254663142 4997.055024629995 4992.448275199745 5001.48700591649
1498254666182 4997.473898192816 4992.775374132967 5001.872992146139
1498254669179 4997.6129772409595 4992.857975975059 5002.056836482296
1498254672053 4997.316506678367 4992.905810036389 5001.792429823318
1498254675231 4997.2970123990435 4992.923004723797 5001.608217261872
1498254679546 4996.783270865858 4992.431063185144 5000.916710484658
1498254684174 4996.721254285509 4992.179615818067 5000.985680084819
1498254687790 4996.818661069401 4992.441654159193 5001.047995242012
1498254691547 4996.694526686251 4992.1802149269515 5001.107334362038
1498254694795 4996.580523495765 4992.190680631892 5000.957529723059
1498254697971 4996.911344804113 4992.4859323186265 5001.324292371308
1498254702034 4996.681710184378 4992.376061461807 5000.985719170549
1498254705453 4996.294767212331 4992.038137704193 5000.6022670098855
1498254708538 4996.257431396583 4991.967608871249 5000.522020719318
1498254712763 4996.117883579908 4991.74353583807 5000.468619424105
1498254715720 4996.190830715652 4991.964498985755 5000.199077906967
1498254719083 4996.630517563245 4992.448680048347 5000.75851064335
1498254722315 4996.745289171261 4992.794068224422 5000.709334223898
1498254725837 4996.802559628783 4992.865579439549 5000.7323137295125
1498254729167 4996.609067733566 4992.675982841688 5000.422625088554
1498254733156 4996.081095004065 4991.881282835343 4999.903627727572
1498254736064 4996.188334397492 4992.294659879859 5000.067947411894
1498254739243 4995.952498242628 4991.963484716363 4999.810442561033
1498254742131 4996.097973855428 4992.148802705967 4999.919184626665
1498254745035 4996.208251884353 4992.18986518528 5000.040352905179
1498254747649 4996.272386451228 4992.281771899538 4999.9440572550575
1498254751105 4996.24478058749 4992.284088652513 4999.891662501301
1498254753985 4996.346060046812 4992.2507281356475 5000.080734864467
1498254756528 4996.346567864013 4992.20562726801 5000.136393718541
1498254759396 4996.388653625858 4992.30696537638 5000.154144989478
1498254763252 4996.362823428185 4992.386457162257 5000.132928425787
1498254766141 4996.455674657118 4992.493673782745 5000.0210320127235
1498254768456 4996.450514546963 4992.424884506041 5000.157831291023
1498254771633 4996.278246733293 4992.3758297492395 4999.925463197402
1498254774687 4996.075830247593 4992.286481693133 4999.672117016232
1498254777287 4996.373267340255 4992.688806941432 4999.90348132791
1498254780425 4996.649987772614 4993.020896378159 5000.257556095429
1498254783028 4996.695403338836 4992.807782578465 5000.183985651053
1498254786191 4996.825633781177 4993.010006315486 5000.284809309048
1498254788633 4997.340289893917 4993.568861135056 5001.067358444229
1498254792044 4997.577122127142 4997.577122127142 4997.577122127142
