1498254320166 4991.104155999317 4951.3277060575965 5027.243989128162
1498254322766 4998.452737167859 4967.085815866524 5025.140850589885
1498254325207 5007.386466456095 4983.575442883323 5027.11882143494
1498254328185 5006.0641073504785 4986.4176811654015 5023.8204764056545
1498254331183 5008.78491393656 4991.961205077713 5025.105749605612
1498254333861 5006.951246012061 4990.560250391236 5021.039544190151
1498254336301 5003.382610320849 4989.02893818994 5018.191459202383
1498254339031 5002.294073188947 4989.394268969548 5014.379139652799
1498254342194 5000.291380316888 4987.334078970518 5011.670780402528
1498254345315 5000.841430467646 4988.4511172059465 5012.863690835345
1498254348158 5000.682962680327 4989.432368212237 5010.6584270059375
1498254351224 5000.75880803565 4989.959199539447 5010.673780462772
1498254354508 5000.009572097783 4990.01125085386 5009.33357090391
1498254357444 5000.642906859388 4991.4395864254675 5008.884273195952
1498254360633 4999.601224857498 4989.88448975033 5008.2439206016725
1498254364715 5001.333856117104 4992.334690400988 5009.622071495613
1498254368053 5001.506020430155 4992.559800191029 5009.343977873686
1498254371459 5000.793016177053 4991.4461866165475 5008.518889645189
1498254374270 5001.424586250884 4992.6624743173115 5008.490078839519
1498254376942 4999.778448058793 4991.10040448506 5007.149674960242
1498254379830 4999.8066195889505 4991.394724189545 5007.090439265394
1498254382633 4998.927937532944 4990.747313342167 5005.838205456444
1498254385770 4998.544092101433 4990.548360874435 5005.631454904716
1498254389082 4997.824407531153 4990.300686158885 5004.4877243935325
1498254392161 4996.666885196642 4989.439647957158 5002.720626457967
1498254395199 4997.44889046527 4990.427839015151 5003.386806953116
1498254398217 4997.107081425812 4989.861133661278 5003.0403438459825
1498254401849 4997.037580978218 4989.977846234422 5002.970120663719
1498254405146 4997.135054349797 4990.128687240795 5003.118567213756
1498254408594 4997.563868546156 4990.974335890889 5003.286204865812
1498254412792 4997.877033422569 4991.10441772072 5003.651366152114
1498254416627 4997.116159725599 4990.3412492576135 5002.668988357204
1498254420875 4997.568751515234 4991.016369693683 5003.125053001279
1498254425267 4998.156550929384 4991.760178280543 5003.775650505022
1498254429544 4998.644352841303 4992.143257527736 5003.815610041612
1498254433648 4997.963590803397 4991.673694520708 5003.358766071737
1498254438361 4998.509750018139 4992.132901988636 5004.024903101058
1498254442408 4998.528586384842 4992.255723586691 5004.131323411716
1498254446945 4998.295676278966 4991.847102682579 5003.78356725627
1498254451674 4998.468189518045 4992.093405573711 5003.7944117012685
1498254456276 4998.551768216743 4992.448574449916 5003.930475835393
1498254460964 4998.828332657547 4992.893959905818 5003.955376534706
1498254465730 4998.359503555514 4992.282299368279 5003.54774067689
1498254470348 4998.000548027761 4991.902719830095 5003.191158049927
1498254475370 4998.3393850253915 4992.640854148657 5003.44943966522
1498254480170 4998.746945665628 4993.12752090955 5003.87338113829
1498254485548 4998.866088988896 4992.9191282115835 5004.161319646968
1498254490341 4998.712551250105 4992.919757198052 5004.179363676499
1498254494778 4998.870405969956 4993.438362467742 5004.071991849463
1498254500218 4998.865574710878 4993.560962392099 5003.852050646479
1498254505140 4999.0868942251345 4993.7769743573845 5003.827968464499
1498254510077 4999.3214776553095 4994.408952588247 5004.265643971042
1498254515163 4999.560909226322 4994.407108766748 5004.273427848317
1498254519968 4999.782786489922 4994.961644897236 5004.453748775788
1498254524763 4999.87363435878 4994.861163615042 5004.801574110696
1498254529648 4999.873454762743 4995.0604637917295 5004.762303629925
1498254534436 4999.633696201938 4994.676277060781 5004.415808654163
1498254539370 4999.0917721546 4994.145869986788 5003.997241795133
1498254543874 4998.628301666135 4993.882273705375 5003.5316703009785
1498254547991 4998.798356837469 4993.968692642555 5004.13187850722
1498254551934 4998.621551473567 4993.813567760628 5003.778473735526
1498254556293 4998.634540190711 4993.965494537013 5003.695943998317
1498254560709 4998.867242673014 4994.160950312396 5003.893375719012
1498254565134 4998.742017337562 4994.135954384411 5003.948465004864
1498254569785 4998.753980025498 4994.0820801297095 5003.802378277086
1498254574217 4998.509018823842 4993.782358999196 5003.734037007573
1498254578453 4998.719670274137 4994.02178031146 5004.022148065096
1498254582441 4999.099060809441 4994.332138169681 5004.231033479245
1498254586223 4998.975155359033 4994.132395928442 5004.109427648249
1498254590164 4998.883722012159 4994.04275761253 5003.9345838323125
1498254594367 4999.022029047117 4994.381750347959 5003.974371647632
1498254598078 4998.719354254945 4994.348774379674 5003.581871137777
1498254602336 4997.956250272088 4993.58552183763 5002.819674799499
1498254606128 4998.145198897308 4993.808573286794 5002.9913070473585
1498254609937 4998.217090942615 4993.901053330611 5003.072169566961
1498254614407 4998.221446097941 4993.820211823155 5002.936491076156
1498254618036 4998.564083204687 4994.329928145099 5003.384013229741
1498254622334 4998.360950134742 4993.869951365907 5003.06219729538
1498254626010 4997.781756481642 4993.380991950366 5002.453833176498
1498254629911 4998.021773589834 4993.576672742622 5002.645200657856
1498254633657 4997.864556529281 4993.199620363537 5002.640032467121
1498254637532 4997.400797353139 4992.940193139078 5002.003682953263
1498254641066 4997.54935190204 4993.165536624629 5002.117307502155
1498254644784 4997.575047854395 4993.43220441619 5001.950127735307
1498254648425 4997.773229183917 4993.535431834314 5002.282339568548
1498254652060 4997.952696049873 4993.708695280355 5002.294922872612
1498254655583 4997.837492915139 4993.728028531359 5002.167355305615
1498254659418 4998.022064924201 4993.914047372032 5002.315288492
1498254663406 4997.917576069527 4993.896296049884 5002.333919165152
1498254667102 4997.758865832423 4993.889370698483 5002.2904822917035
1498254670667 4997.462829091412 4993.352246919589 5001.946254833793
1498254674023 4997.528024760857 4993.357401515262 5001.857334082562
1498254677288 4997.555783225447 4993.426080465199 5001.789976587738
1498254680801 4997.37293179043 4993.409295667171 5001.348641339755
1498254684438 4997.269573645562 4993.424425002904 5001.20626456178
1498254687971 4997.489493271648 4993.43305858398 5001.443194095952
1498254691654 4997.583503622594 4993.755622283387 5001.112002665694
1498254695108 4997.438158891528 4993.55662511799 5001.0431082802315
1498254698396 4997.551911294918 4993.685877074519 5001.084110447258
1498254702497 4997.577122127142 4997.577122127142 4997.577122127142
