1498254471567 4970.434224553324 4933.795220525141 5009.116205735714
1498254475433 4996.449449470809 4968.824387011266 5022.757084587952
1498254480076 4995.596522263141 4974.545439938676 5016.711461994884
1498254485227 4992.09309620083 4973.239182878517 5008.352505389405
1498254490027 4989.266831108532 4972.1352845298 5004.181963614084
1498254494587 4991.402223196123 4976.078671163552 5005.488515576373
1498254499943 4996.183199810192 4982.189496774745 5008.442796857501
1498254504784 4996.427633190382 4984.167627718766 5008.557282666841
1498254509715 4994.294220611692 4982.771151311928 5006.140859499966
1498254514823 4993.902313076135 4982.1359371460085 5004.432801224032
1498254519555 4992.982125403864 4981.724545667781 5003.429011313421
1498254524396 4991.01083102752 4980.3013796831665 5000.995573001743
1498254529439 4992.398224086573 4981.847358564307 5001.500622295795
1498254534079 4992.732358282984 4982.856724028583 5002.365768479109
1498254539155 4995.041039169484 4985.31759087632 5004.81493583449
1498254543547 4995.705293081922 4985.346075859148 5005.542174922354
1498254547594 4994.694576949474 4984.165808186242 5003.230075086092
1498254551552 4994.411717053416 4984.943544740542 5003.306870636029
1498254555921 4993.198749474502 4983.807161559235 5002.05033547923
1498254560392 4992.958045957389 4984.284004672032 5001.34261405046
1498254564759 4994.447985478682 4985.412436359138 5002.469509535619
1498254569251 4994.646810401268 4986.276182683115 5002.441638358843
1498254573784 4994.153371939533 4986.159121697441 5002.0043323217815
1498254577323 4994.2408497380575 4985.936799554817 5002.16887749966
1498254579599 4994.942933627435 4986.784310367456 5002.3499751254285
1498254582705 4996.096140557839 4988.430862430275 5003.666515615059
1498254586335 4995.196840449755 4987.7227544243115 5002.461369619143
1498254590038 4995.23228776949 4987.910822530571 5002.626723064838
1498254593921 4995.9042941292455 4988.805065011634 5002.784891411186
1498254597611 4995.874710109486 4988.766789188732 5002.761434593405
1498254601978 4995.698406472949 4988.363736545581 5002.492903453168
1498254605682 4995.517651617837 4988.35554348181 5002.137452446806
1498254609385 4994.794144785079 4987.581646054702 5001.627940629336
1498254613471 4995.042872641078 4988.148668572478 5001.3602730668845
1498254617154 4994.498399777049 4987.747135946419 5001.058999472197
1498254619885 4994.547059840258 4987.87242458767 5001.02244439738
1498254623369 4994.493618052793 4987.892862186621 5000.595601450712
1498254626456 4993.948540156577 4987.804200296307 5000.090057993819
1498254629769 4993.777331368449 4987.906790437555 4999.77694622021
1498254633574 4994.306117074965 4988.612735973544 5000.236820077743
1498254637218 4993.921350362238 4987.893068037676 4999.798564329053
1498254640753 4993.766393491599 4988.074052122187 4999.287159362015
1498254644291 4994.35155726178 4988.539196732381 4999.910840186176
1498254647895 4993.881224645706 4987.8995660764485 4999.607385960852
1498254651653 4994.170015386027 4988.085717467832 4999.7518263677985
1498254655077 4994.815868363144 4988.788142881764 5000.079398033062
1498254658957 4995.025921308652 4989.074799021007 5000.367042452456
1498254662010 4995.241625953941 4989.100420512256 5000.462685891878
1498254664531 4995.196796576003 4989.232159261188 5000.33376689659
1498254667337 4995.732221448302 4990.013620354076 5000.952377846103
1498254670438 4996.168812434327 4990.41085154785 5001.328916203617
1498254673628 4996.219705654148 4990.5509896152225 5001.242911750932
1498254676874 4996.0154790661945 4990.594768605908 5001.076741189928
1498254680367 4996.582458521388 4991.246905798207 5001.434834688137
1498254684228 4996.788976287216 4991.541760595212 5001.728107434064
1498254687686 4997.012868790153 4991.803545772358 5001.814553863964
1498254691397 4996.7146589775175 4991.704534943492 5001.60996408809
1498254694604 4996.9046860368935 4992.000401322694 5001.682108630373
1498254697976 4996.813504054631 4991.895407728619 5001.7537621764095
1498254702057 4996.822535011693 4991.948306514749 5001.555453762505
1498254705474 4995.938474467256 4991.100200150164 5000.67146690246
1498254708463 4996.008478583946 4991.297374963416 5000.583510540435
1498254712450 4996.183499054415 4991.7037841814545 5000.713482994635
1498254715437 4996.63076536324 4992.131390220693 5001.391690486002
1498254718164 4996.638044866774 4992.121495423551 5001.386751163334
1498254721494 4997.249240387525 4992.848655499149 5001.904280370612
1498254724165 4996.681488025882 4992.239417446152 5001.178743373145
1498254726831 4996.498242851046 4991.900131695852 5000.992840302042
1498254729601 4997.117529185861 4992.641982568764 5001.445081769839
1498254733200 4997.005385384941 4992.488722965403 5001.274034904972
1498254736075 4997.260182175452 4992.858400675543 5001.542263906679
1498254739315 4997.016540099948 4992.575505620554 5001.2293398856755
1498254742195 4997.471768655512 4993.193088359841 5001.621309646169
1498254744935 4997.535894103613 4993.182579320001 5001.753544457321
1498254747488 4997.105868103081 4992.853278719959 5001.328305702917
1498254750546 4997.165481102172 4992.911510156515 5001.3523536081475
1498254753850 4997.079307211574 4992.910520778002 5001.310136077555
1498254756284 4997.359375373448 4993.066253087377 5001.689455470826
1498254759332 4997.563987701468 4993.16152951254 5001.8910842483965
1498254763132 4997.348473900639 4993.141140446913 5001.611395854472
1498254766026 4997.330723226057 4993.323726058552 5001.579489145268
1498254768184 4997.114802584828 4993.199386592414 5001.196422876593
1498254771273 4997.24085301835 4993.276108031164 5001.209997270179
1498254774437 4997.506635362766 4993.432982368969 5001.427803785891
1498254776880 4997.164673385579 4993.1079205367405 5001.057427478792
1498254779802 4997.595194775319 4993.336864035848 5001.61780356366
1498254781958 4997.677948060462 4993.379852858005 5001.706348510915
1498254785187 4997.685265502136 4993.388784667733 5001.622761271149
1498254787465 4997.430315078924 4993.158508757559 5001.335598027347
1498254790376 4997.718210595906 4993.5334700633675 5001.683873439567
1498254793650 4997.630345591113 4993.437252625702 5001.553400463927
1498254795724 4997.788828231466 4993.555861682759 5001.655022770542
1498254797798 4997.686169200263 4993.676523061883 5001.634837431426
1498254800926 4997.953718017115 4993.8233959103045 5001.740170568784
1498254804286 4997.733320557875 4993.654886677226 5001.657312620618
1498254806989 4997.438896559377 4993.4227911234875 5001.347329202203
1498254809478 4997.5108266254665 4993.471922294825 5001.403348174683
1498254812108 4997.617430131928 4993.528825800295 5001.457772377367
1498254814827 4997.486072563088 4993.620461856075 5001.068993871168
1498254817515 4997.577122127142 4997.577122127142 4997.577122127142
