1498511041971 4975.914902697166 4938.9083959044365 5013.405216431299
1498511044739 5001.036716832106 4973.446850519075 5025.383633722072
1498511047508 5004.260530374599 4983.363258661888 5024.231546134663
1498511050155 4995.883820924823 4976.468016652105 5013.311281017308
1498511053055 4996.181274220257 4978.503777694586 5012.4031350515725
1498511055728 4991.535574805837 4974.609485580335 5007.135928539276
1498511059287 4995.51932109445 4981.42120717996 5008.808870953087
1498511063120 4997.159974858783 4983.639930019028 5009.083549351944
1498511065654 4996.193597763932 4982.844420462421 5008.778489801705
1498511068378 4995.44443828064 4982.480184383608 5008.194474376481
1498511071430 4996.9976789767525 4984.966603981694 5009.827201631844
1498511074138 4998.0844811898905 4986.848986869833 5010.112895619883
1498511077455 4999.240015738905 4988.019993721387 5011.4696089508725
1498511081731 4998.218870998785 4987.165411659187 5009.070700644352
1498511085263 4997.629179712655 4986.742860341494 5007.889610511145
1498511088988 4997.887591880699 4987.500666368255 5007.076079372054
1498511093145 4999.019894792367 4988.897408852823 5008.3033912955525
1498511096842 5000.423506703118 4990.245767844375 5009.673620283888
1498511100636 5001.269598238616 4991.192320239631 5009.813030773345
1498511104740 5001.178382427 4991.710520789817 5009.078469908631
1498511108867 5000.091673487992 4990.427614662469 5008.181493553843
1498511113554 5001.96559816758 4992.488146098212 5010.000085343745
1498511117267 5002.148505382364 4992.93400653874 5009.923614117442
1498511121083 5000.975578310723 4992.409854439731 5008.487481462205
1498511125371 5000.754385425842 4992.374259738093 5008.169076627246
1498511129515 4999.8373625838985 4991.383012148548 5007.542902519122
1498511134580 4999.85171236209 4991.680932128723 5006.87275803363
1498511139274 4999.283274246736 4991.679852258036 5005.899117331553
1498511144241 4999.373228064186 4992.223562955261 5005.635130825666
1498511148807 4999.888653030706 4992.631114488953 5006.3763258050785
1498511153425 5000.607273126101 4993.284173223286 5006.955210486891
1498511157567 5001.062497626135 4993.766582553104 5007.227847197059
1498511161254 5000.8692607478815 4993.656482879183 5007.104012006082
1498511166337 5001.564523273837 4994.567430503299 5008.0017979870145
1498511171429 5001.457999630432 4994.901629908875 5007.50706852497
1498511176580 5001.96070309546 4995.307664808486 5007.951416171195
1498511181477 5001.303258740023 4994.7579135168435 5007.1283719043495
1498511186603 5001.878182510298 4995.664677087093 5007.431544224379
1498511191556 5001.764296126988 4995.571708284483 5007.33191269305
1498511196777 5000.889589428799 4994.755079443591 5006.437715644949
1498511201578 5001.435527551125 4995.458453266394 5006.699831840694
1498511206717 5000.302174999392 4994.329650064276 5005.715404239082
1498511211732 5000.731348480891 4994.71394792021 5005.9035912397385
1498511217059 5000.08392023788 4994.210298266051 5004.868605214962
1498511221830 5000.364374535927 4994.575146426174 5005.565686368292
1498511226975 5000.058928329107 4994.261208019628 5005.063970902623
1498511232161 5000.180548028447 4994.649182064639 5004.946534718126
1498511237195 4999.539176878447 4993.5367704965865 5004.320386936264
1498511242206 4999.513216284829 4993.5003715615085 5004.570076411828
1498511246443 4999.270560271068 4993.371539580635 5004.121673381354
1498511250994 4998.831026570342 4993.036144584328 5003.889346217694
1498511255779 4999.154570147719 4993.500996320775 5004.109042583099
1498511260126 4998.717522355626 4993.012801383419 5003.586682659064
1498511264857 4998.2063035843075 4992.866996562305 5003.321492225027
1498511269328 4998.526143539821 4993.265084637766 5003.511147449626
1498511273355 4998.965797452743 4993.7714772562085 5003.978209857496
1498511277036 4998.843330237973 4993.853958943264 5003.725274616693
1498511281214 4998.977051707274 4993.892959739254 5003.824220902548
1498511284977 4999.1457419800045 4994.331645913784 5004.022256285094
1498511288894 4998.348262513331 4993.516248411284 5002.968262021272
1498511293131 4998.451520420069 4993.581432857034 5003.230075668205
1498511297004 4998.82989163648 4994.035371935906 5003.543861613852
1498511300714 4999.26080478999 4994.552509587187 5003.773649096543
1498511305071 4999.245964415588 4994.313489621463 5004.146835874567
1498511309014 4999.617176017521 4994.870638173366 5004.367633405145
1498511312728 4999.724670987213 4994.943899472722 5004.250026946896
1498511316327 4999.74181352623 4994.985216609387 5004.244985673942
1498511319709 4998.858179824047 4994.130590847716 5003.543105930619
1498511323619 4998.199942216439 4993.522957394534 5002.388707270372
1498511326464 4997.769714156467 4993.027350680392 5002.098633178421
1498511329606 4997.768682576926 4993.357348572025 5002.217428539552
1498511332705 4998.0356209772335 4993.628017769601 5002.376900287166
1498511336447 4998.468077025172 4994.140557801209 5002.901683072405
1498511339666 4998.722511683604 4994.438338373528 5003.082661315808
1498511343034 4998.976334171485 4994.572623249018 5003.360463483146
1498511347304 4998.753206870799 4994.39066646291 5003.13906421583
1498511350921 4998.67724215395 4994.312489182231 5003.169075842084
1498511354415 4998.728261222107 4994.40211736195 5002.8600596485385
1498511358241 4998.500505067963 4994.283948602542 5002.510860636786
1498511362001 4998.441946512225 4994.219956705 5002.427859456644
1498511365704 4998.408763930629 4994.341651634174 5002.583962658195
1498511369357 4998.215261726658 4994.112034134156 5002.250207650699
1498511373227 4998.3567820559765 4994.135668564697 5002.402622515647
1498511376974 4997.973350779687 4993.7857285837335 5001.804032802315
1498511380398 4997.932308333127 4993.895350101959 5002.061197443762
1498511384029 4998.078188736643 4993.979467435125 5002.178814340125
1498511387534 4998.185206919274 4994.323431563059 5002.1891253456615
1498511391212 4997.995012220848 4994.123924272079 5001.997547711675
1498511394392 4997.849903440093 4994.097262106213 5001.816024206904
1498511397719 4998.227610739573 4994.275956778154 5002.040246384484
1498511401108 4998.670084934597 4994.7519666115 5002.606660438453
1498511404024 4998.64741376183 4994.761866364039 5002.6581845907895
1498511407022 4998.3825856044605 4994.382011225432 5002.39568372591
1498511410483 4998.368580155839 4994.356002856533 5002.130434131162
1498511413383 4998.294173833251 4994.391514616387 5002.031377020294
1498511416364 4998.032561158872 4994.121016049847 5001.772486058057
1498511419712 4997.557702452391 4993.751142186526 5001.217913947769
1498511423496 4997.401367724335 4993.549250536786 5001.184098150134
1498511426871 4997.708416132315 4993.882069077723 5001.342403644457
1498511430977 4997.577122127142 4997.577122127142 4997.577122127142
