1498254442089 5005.155688367129 4969.077605426687 5041.490265092448
1498254446177 4987.124925296679 4959.516351757675 5013.501394214012
1498254448834 5000.074710783882 4975.98162412479 5023.833036703925
1498254452048 5011.162980743586 4991.414776748623 5032.548692601684
1498254456313 5005.956002117088 4988.972044815882 5022.278769549815
1498254460981 5006.704616581072 4990.461356668958 5023.367902706673
1498254465446 5003.966925737857 4989.3138095998775 5019.806055597281
1498254470127 5003.913927766018 4990.628901200481 5018.281788445251
1498254475237 5001.470515644342 4989.344509551655 5014.992099333765
1498254479907 5001.9063343008365 4990.129007372288 5014.3134993875055
1498254485227 5004.500191863699 4993.451506247433 5016.084448568203
1498254490027 5003.776056418583 4993.122921714889 5016.101801523724
1498254494587 5002.483892872965 4991.884654378706 5013.73869307047
1498254499943 5001.221619978941 4991.1104952420765 5011.1458044162955
1498254504784 5001.122499536892 4991.186883867079 5011.5553985776305
1498254509711 4998.343667248859 4988.44743743553 5007.928929496579
1498254514823 4998.862138300892 4989.492784215254 5008.182692421289
1498254519555 4997.510008963251 4988.371835944906 5006.051215957464
1498254524396 4996.397041399915 4987.418390862321 5004.953924893514
1498254529439 4996.215181067412 4988.058167972015 5004.090454674007
1498254534079 4996.8374730530895 4988.896832945833 5003.955047259895
1498254539155 4997.0620122284845 4989.232017596058 5004.309233628687
1498254543547 4996.9343996483085 4989.04430812643 5004.52916216891
1498254547594 4997.4298610281185 4989.936019887075 5004.763034741922
1498254551548 4996.732853138114 4988.331443795203 5003.794174594541
1498254555927 4996.56506286562 4988.990754050062 5002.9924362654065
1498254560392 4996.542010324129 4989.186974526013 5003.369218596565
1498254564732 4996.588677621788 4988.989114829652 5003.50162710412
1498254569251 4996.008034963573 4989.110808508936 5002.442782580734
1498254573784 4996.0130378018575 4989.443924780478 5002.129019041143
1498254577944 4995.944558185033 4989.6092114734065 5001.987892088714
1498254581970 4996.059162028817 4989.5970040902 5002.0118314198
1498254585836 4996.6238457086565 4990.197662255323 5002.234669337944
1498254589800 4996.564183329236 4990.175425255891 5002.08763448534
1498254593921 4996.438815150948 4990.301409049322 5001.796821151668
1498254597611 4996.756248143355 4990.701453703298 5002.448973554311
1498254601978 4997.130933961503 4990.935168836948 5002.832469406025
1498254605682 4997.397034087296 4991.259472633864 5002.896802407013
1498254609384 4997.914794359176 4991.810484434563 5003.585077749477
1498254614040 4997.410105360203 4991.393052388011 5002.941255075274
1498254617473 4997.825154367951 4991.969869566757 5003.065492711118
1498254621959 4998.314819565133 4992.5875010989985 5003.303944953498
1498254625551 4998.27346114217 4992.603047679406 5003.285363514394
1498254629448 4997.395314920183 4991.869589319365 5002.406797961961
1498254633413 4997.9200869683245 4992.724823245298 5002.930642381844
1498254637015 4998.34377479495 4993.305113624263 5003.321870252852
1498254640491 4998.809165247877 4993.736318583147 5003.433449846065
1498254644254 4998.5871294655035 4993.533463777195 5003.2327635006595
1498254647933 4998.990864849453 4993.633558994197 5003.544935012549
1498254651442 4999.259787242398 4994.107492829776 5003.847025108829
1498254654951 4998.965775694584 4994.159182736559 5003.467093015829
1498254658091 4999.053756152984 4994.1786442433795 5003.749584100173
1498254660572 4999.210999557399 4994.281273524069 5003.89407705947
1498254663471 4998.903363885658 4994.059004182874 5003.518964629523
1498254666901 4998.814869508323 4994.118331894282 5003.410579835425
1498254670303 4998.526755533097 4993.850632294026 5003.268572810966
1498254673481 4998.072575630114 4993.468049220138 5002.680637211153
1498254677110 4997.8784025048835 4993.276289429411 5002.661606264334
1498254680475 4997.820977661154 4993.306605885232 5002.605562613759
1498254684049 4997.919516367498 4993.368454539023 5002.7058845293295
1498254687540 4997.7373955309595 4993.255646797283 5002.268124707686
1498254691208 4997.854133330033 4993.332185227369 5002.204687450099
1498254694521 4997.629260568189 4993.335579954656 5001.9335360128
1498254697899 4997.948991268488 4993.656515759273 5001.954622178769
1498254701535 4997.936079455727 4993.72538224095 5001.951833626333
1498254704366 4997.943797584405 4993.679711734172 5001.748766422211
1498254706834 4998.321898285639 4994.168051303942 5002.195516182982
1498254709295 4998.359032460596 4994.323098369666 5002.3255588025795
1498254713168 4998.515015361081 4994.332834676804 5002.479851027233
1498254715786 4998.476213971184 4994.3286404652135 5002.192016942893
1498254719168 4998.198227013922 4994.062874594565 5002.140231641996
1498254722363 4998.220144936258 4994.2000743883345 5001.938857357118
1498254725691 4998.352111113103 4994.241151853475 5002.048081772046
1498254728488 4998.516289787624 4994.518760494595 5002.454023040113
1498254732720 4997.998969684657 4993.919252213627 5002.027468918469
1498254735639 4997.479944429388 4993.5602448254385 5001.455694930421
1498254738344 4997.962385984021 4994.051064842966 5002.190913875855
1498254740774 4998.113227027256 4994.148346142886 5002.395544830688
1498254744113 4997.895788012222 4993.932571697631 5002.072443061279
1498254746540 4997.594682804368 4993.541836119353 5001.557731249949
1498254749197 4997.737697228673 4993.685387403764 5001.706570400301
1498254753071 4998.0149183659705 4993.984979083726 5002.023031834845
1498254755713 4998.137346212515 4994.358333129409 5002.125331550238
1498254757992 4998.337066168841 4994.532628722523 5002.274439133052
1498254762099 4998.233683539323 4994.367305659827 5001.986087699241
1498254765033 4997.945601603382 4994.235055315702 5001.581380833561
1498254767609 4998.121841335121 4994.289020510255 5001.713969441323
1498254769987 4997.8703711212165 4994.050890162938 5001.392594071417
1498254773405 4998.122519470365 4994.453475863895 5001.802834497316
1498254775697 4997.971111412714 4994.381603000299 5001.578377221474
1498254778513 4998.227968905513 4994.52657257261 5001.725532008689
1498254781061 4998.445856371276 4994.830174560874 5002.0700018864745
1498254783706 4998.340917840129 4994.688849038148 5001.968041938836
1498254786524 4998.349948550032 4994.530318418527 5002.015361800602
1498254788989 4997.984051184392 4994.157379784118 5001.659926465135
1498254792479 4997.765500428504 4993.995727590236 5001.428569819344
1498254795234 4997.696941916385 4993.84482873722 5001.259650729965
1498254797350 4997.555088261404 4993.726314476259 5001.151086632036
1498254800006 4997.649523207135 4993.772155687939 5001.144447802262
1498254803223 4997.577122127142 4997.577122127142 4997.577122127142
