1498515885583 5003.215091362657 4976.01722322037 5025.638955372461
1498515887524 5006.984681966934 4988.1671443965515 5025.02330159068
1498515890160 5005.83514346877 4990.488353917085 5020.025748295271
1498515891924 5001.949656201695 4988.3075832325585 5014.368356119412
1498515894722 5003.166253048833 4990.680085452404 5014.557356429542
1498515896552 5002.684336073221 4992.257419352513 5013.640824390983
1498515898902 5002.95372207704 4993.057587743799 5012.366415961932
1498515901008 5002.535192874542 4992.285398743367 5011.093021771731
1498515902994 4998.816910949007 4990.239749758341 5006.918001931089
1498515905905 4997.698235020703 4989.716659368826 5006.147606582702
1498515907777 4996.167146263135 4988.577474041834 5003.812597751413
1498515910181 4997.033844086629 4990.204210873565 5004.46939587533
1498515912652 4996.776044808309 4989.839024954222 5003.50376113031
1498515915019 4997.069817498436 4990.364715208349 5003.763427741821
1498515916910 4996.373310624245 4989.659523961618 5002.786380857886
1498515919443 4995.2137560165165 4988.271458246886 5001.33027548175
1498515921536 4995.677735283262 4989.069701407486 5002.107567613116
1498515923840 4996.180406404233 4990.023965186759 5002.130259017228
1498515926291 4995.394312498507 4989.112125834539 5001.326363380993
1498515928988 4995.877912734956 4989.798758132989 5001.385461014086
1498515930898 4996.091955900298 4990.21381646238 5001.472284539893
1498515933022 4997.027065965655 4991.398349904712 5002.3664610915375
1498515935897 4997.231131589692 4991.637956728393 5002.524395362269
1498515938244 4998.137454584222 4992.737568420985 5003.6814043942995
1498515940208 4997.746118320334 4992.33267410785 5003.039560184887
1498515942401 4997.332098291083 4991.6713455944155 5002.584970586733
1498515945486 4997.0860259463125 4991.649198968587 5002.145386797718
1498515947594 4997.22681862037 4991.839546923317 5002.530247387868
1498515949666 4996.857160219301 4991.742525646013 5001.725274683148
1498515952029 4996.5441476513015 4991.53214933229 5001.273378345537
1498515955029 4997.3225814155 4992.403140293725 5002.18338425222
1498515957074 4996.335887758524 4991.439897149238 5001.168569528427
1498515959798 4996.594669715947 4991.715716040871 5001.18628446654
1498515962400 4996.192149370905 4991.257199517158 5000.774484658975
1498515964580 4995.906537662223 4991.050279017833 5000.2583872540135
1498515966776 4996.123849116883 4991.48413692522 5000.565407251095
1498515968980 4996.253711001964 4991.820622799608 5000.697474821692
1498515971113 4996.574549950673 4992.302809332805 5000.949427082841
1498515973639 4996.772930854353 4992.585007474559 5000.980918526835
1498515975956 4997.260853175475 4993.105783858397 5001.585101272789
1498515979045 4997.1524290942925 4993.029782109832 5001.292183544088
1498515982021 4997.186690035063 4993.000522168746 5001.196028183765
1498515984213 4997.028852945987 4992.958433780871 5001.028170956192
1498515987145 4997.053434494387 4992.964568406763 5001.16103280246
1498515990094 4996.969736091365 4992.798357559407 5000.998415351074
1498515993141 4996.623663355866 4992.467874830742 5000.468563882406
1498515995998 4995.959718394424 4992.058172906098 4999.7165993723265
1498515998897 4995.618907932569 4991.747967614948 4999.2429732009105
1498516001982 4995.814206806737 4992.026973241346 4999.346449865413
1498516005086 4995.554968126601 4991.831778597711 4999.1274775519105
1498516008151 4995.162948120016 4991.303202829664 4998.883509501138
1498516010975 4995.455914573666 4991.6292822402775 4999.3696999638
1498516014142 4995.081054319578 4991.3990032344045 4998.847390299002
1498516017301 4995.172491477226 4991.468489497849 4999.132504850386
1498516020204 4995.062070156586 4991.342269927716 4998.864731186237
1498516023477 4994.968420760862 4991.470791710318 4998.661394063187
1498516026885 4995.097156738139 4991.496962618662 4998.912668152622
1498516029702 4995.039093601235 4991.363416759684 4998.850021273608
1498516032180 4995.5329308811515 4991.927259609135 4999.121561061774
1498516034839 4995.641278432848 4992.144618900173 4999.266700772263
1498516037197 4995.567185917541 4992.089645451085 4999.212634313271
1498516039846 4995.716395201471 4992.111444217349 4999.37140157912
1498516042368 4995.6544167893535 4992.177392022191 4999.09588500895
1498516044832 4996.083432975588 4992.624328533895 4999.45360214336
1498516047791 4996.289712440609 4992.938684210526 4999.683650750739
1498516050747 4996.62547491103 4993.266397760217 4999.89442330506
1498516053534 4996.492591931625 4993.092942681789 4999.8133599916
1498516056236 4996.663010443732 4993.329595263005 4999.868256971183
1498516058980 4996.753900363235 4993.407292563795 4999.994354598664
1498516061603 4996.872989136449 4993.527789124261 5000.12948313951
1498516064581 4996.957651877005 4993.822942862449 5000.225808735847
1498516067020 4996.7304353425325 4993.396998599841 5000.00905100676
1498516069464 4996.715706860312 4993.384703710032 4999.993750138337
1498516071817 4996.6970466871735 4993.487425858818 4999.893349136427
1498516074089 4996.77099124662 4993.538432550768 5000.00816309758
1498516076832 4997.13430271495 4993.9528767105885 5000.26543743764
1498516079342 4997.1226566437845 4993.838201345274 5000.043126323896
1498516081697 4997.474457994089 4994.185462498914 5000.346411055767
1498516084452 4997.483431455076 4994.286494466806 5000.605753164862
1498516086824 4997.48506118317 4994.292554519157 5000.525684777018
1498516089066 4997.397608071118 4994.235705702573 5000.2729819014
1498516091294 4997.303326904892 4994.109923517159 5000.224994136649
1498516094360 4997.330901968744 4994.2265310796965 5000.1871898301415
1498516096519 4997.216026984557 4994.136448855628 4999.910831367713
1498516098651 4997.255565825426 4994.167724712387 5000.08543676146
1498516101815 4997.214498335536 4994.102534420104 4999.972605924413
1498516104053 4997.0724694878445 4993.9253860163 4999.74523055156
1498516106053 4996.9522031003635 4993.770575690844 4999.690275617599
1498516108192 4997.329369952004 4994.068335487799 4999.966299592518
1498516111079 4997.214792251942 4994.044462851139 4999.82422571454
1498516112941 4996.8266134027335 4993.692096638524 4999.354213324653
1498516115427 4996.863139107115 4993.767016619359 4999.460441771199
1498516118035 4996.939306973379 4993.827388129122 4999.515413263096
1498516120773 4996.840450106118 4993.787543544086 4999.331974135525
1498516122859 4997.170989073782 4994.162980968216 4999.7563338481195
1498516125100 4997.141798620284 4994.044428377989 4999.619925244875
1498516127466 4997.187616748751 4994.1113358847415 4999.663887678962
1498516129843 4997.136475923125 4994.02107257995 4999.575738247721
1498516131989 4997.4713988035655 4994.602995805138 4999.892816031807
1498516135031 4997.578261444319 4997.578261444319 4997.578261444319
