1497976499410 5018.057167217308 4994.671688156943 5044.100850495239
1497976501441 5012.1085788598475 4995.339343969958 5032.129987694612
1497976503827 5009.571033858174 4994.800535496117 5025.24300894902
1497976505934 5008.4605253339305 4995.323522882243 5022.098799709085
1497976508639 5004.987326712408 4992.297646175194 5018.06807282189
1497976510934 5005.988856511569 4994.94456220327 5018.04882031937
1497976513637 5002.882266752635 4991.85248190367 5013.564011094308
1497976516310 5002.31935160606 4992.706282470106 5011.195091272262
1497976518764 5000.604714443647 4991.805392812403 5010.040822748665
1497976521213 5002.603564955971 4994.111654198701 5011.249408811283
1497976523940 5002.18481219449 4994.263593718444 5010.060450041007
1497976526572 5002.058894154401 4994.093984388568 5009.664518758965
1497976529234 5002.59337903243 4994.869693138109 5010.394721736984
1497976532151 5001.5820096704965 4994.255807810229 5009.721204145278
1497976535230 5001.500216091953 4994.184109797948 5008.385337534328
1497976537975 5000.834499990512 4993.8306229418085 5007.817317848986
1497976541290 5000.565093636632 4994.484296868979 5006.908573327854
1497976544490 5001.0277955867605 4995.130939264239 5006.677491019106
1497976547168 4999.891276991953 4994.034895280002 5005.419533701116
1497976550328 5000.550997346592 4994.243357364202 5005.794511489503
1497976553408 5000.45249716217 4994.156867321779 5005.761301436831
1497976556415 5000.822882330918 4994.903700263398 5005.847611387383
1497976559406 5000.093652083066 4993.887602899804 5005.0117352629595
1497976562439 5000.012730306115 4993.815351744743 5005.020696994106
1497976565288 5000.0961405615435 4994.369139846138 5005.3040381483315
1497976568288 4999.397071117485 4993.697893317151 5004.267515543748
1497976571405 4998.4462180844475 4992.6962744689345 5003.279571169604
1497976574539 4999.125262382034 4993.571630293467 5004.0621425852305
1497976577184 4999.636650171315 4994.279495525844 5004.2552958913
1497976580335 4999.786020745842 4994.611506264996 5004.383188984177
1497976583489 4999.488426079912 4994.541919739673 5003.885412642577
1497976586787 4999.254903206604 4994.125768395001 5003.853641387519
1497976590156 4999.14003116281 4994.146235310471 5003.844203352961
1497976593154 4999.584373656776 4994.552079810693 5004.217517514735
1497976596346 5000.085491565146 4995.36950856999 5004.75317383476
1497976599027 4999.953342039476 4995.281782582791 5004.673080731458
1497976601872 5000.201681220528 4995.637194367191 5004.675021600905
1497976604894 4999.776403138459 4995.039465617317 5004.332712305567
1497976607867 4999.465218219122 4994.958670927812 5004.1014460385795
1497976610610 4999.282991842295 4994.966661269465 5003.767308080978
1497976613773 4999.232366113976 4994.800429330092 5003.56080515762
1497976616913 4999.148759720896 4994.833217029611 5003.279209408447
1497976620140 4999.362163749149 4995.17822112198 5003.505169149659
1497976623140 4999.305701499093 4995.09885841859 5003.464505804482
1497976626533 4999.070735326726 4995.083777218456 5003.1179114929855
1497976629481 4999.014502434662 4994.9807589389575 5002.920413176063
1497976632004 4998.903048923496 4995.010221243126 5002.847313550573
1497976634595 4999.303424441693 4995.39894196222 5003.271050588997
1497976637666 4999.211753982544 4995.283360392812 5003.254358088979
1497976640429 4998.995050492904 4995.04157916211 5002.934347296825
1497976643073 4999.032116628957 4995.331181398944 5002.8269875204
1497976645599 4998.961715354091 4995.493452084088 5002.686707535622
1497976648801 4998.798862083302 4995.355519538747 5002.676403956489
1497976652437 4999.093359987736 4995.697805822428 5002.972611392094
1497976655309 4998.896232111484 4995.528037555434 5002.816206089589
1497976659299 4998.8121073429875 4995.443170099286 5002.780547601669
1497976662172 4998.859831515953 4995.604472306544 5002.690686684552
1497976665433 4998.98378915324 4995.595453045071 5002.634849068109
1497976668841 4998.770599534219 4995.325511803105 5002.424816107311
1497976671909 4998.916741112834 4995.603356162043 5002.655238967905
1497976675555 4998.972364629541 4995.666051379341 5002.650590217948
1497976679492 4999.406550654259 4996.116004094252 5002.9242420564915
1497976682969 4999.307212418777 4995.929449907621 5002.8417195051325
1497976686492 4999.020703887397 4995.635128197255 5002.560984211325
1497976689805 4998.833192862983 4995.436315438659 5002.291974171686
1497976693171 4999.050761374781 4995.749912536317 5002.4374428528545
1497976696960 4999.136330656466 4995.9558523386795 5002.612547090733
1497976700202 4998.53270331018 4995.31839269694 5001.947047299902
1497976703829 4998.7162409745415 4995.552837271262 5001.969494595793
1497976707243 4998.757795551454 4995.62077727528 5002.023713873207
1497976710664 4998.751422165982 4995.625415544982 5001.896990578052
1497976714126 4998.532228933836 4995.296434063418 5001.735678636163
1497976717726 4998.513617167983 4995.359902815343 5001.709381188479
1497976720868 4998.534934226882 4995.360133003629 5001.549672932648
1497976724799 4998.458189238677 4995.25871637803 5001.630797713501
1497976728064 4998.738836796664 4995.725973540343 5001.827113430004
1497976731568 4998.814678288398 4995.728154710015 5001.924571636964
1497976735286 4998.793005363351 4995.705716650858 5001.823808557099
1497976738724 4998.488105860622 4995.310303963235 5001.466988550733
1497976742462 4998.262561708903 4995.143346810874 5001.172552468661
1497976746176 4998.156872460904 4995.045190152266 5001.006740364485
1497976749824 4998.13994879909 4995.077822180337 5000.96412683755
1497976753055 4998.060332876631 4995.024874971238 5000.847956336733
1497976756799 4998.051843643933 4995.014520762779 5000.734202098283
1497976760089 4998.300569877108 4995.289549309896 5000.998556563262
1497976763689 4998.2383552677165 4995.255387078966 5000.906690693139
1497976767201 4998.365194223258 4995.365787658673 5000.94844829029
1497976770680 4998.165898846447 4995.127885727898 5000.688342482798
1497976774469 4998.044024042887 4995.064911618238 5000.511506580041
1497976778424 4997.961499107167 4994.94510144874 5000.41506420693
1497976782008 4998.1253000457555 4995.075116568076 5000.618533962345
1497976786110 4998.154832910245 4995.188380240386 5000.644735478732
1497976789149 4998.032788734268 4995.171605063921 5000.501678555632
1497976791669 4997.941063855646 4995.130854201441 5000.540473187032
1497976794912 4997.697485242899 4994.847994812218 5000.132949039448
1497976798150 4997.678640570937 4994.8771174384265 5000.184764920773
1497976801103 4997.754528998254 4994.878500963924 5000.224941529335
1497976804434 4997.722388707621 4994.807872069826 5000.211177740845
1497976807435 4997.583112780252 4994.780481322087 4999.997315108043
1497976810066 4997.578261444319 4997.578261444319 4997.578261444319
