1497976535167 5020.429305309829 4995.5586174283135 5047.4625037539145
1497976537926 5001.459636069034 4983.925563797904 5022.027058115852
1497976541013 5008.95042954156 4994.895780083932 5023.522503702506
1497976544357 5005.901797326397 4992.847862095327 5017.986373567813
1497976546986 5004.71882075532 4993.931267948904 5016.444874490453
1497976549983 5001.674199793192 4991.959071557581 5012.411167675743
1497976552986 5003.047303359096 4993.623088804477 5012.596349774625
1497976556164 5001.56706553314 4992.216788446845 5010.868910211839
1497976558970 5001.305711556088 4992.969715239913 5009.995008407915
1497976561859 5000.470660850432 4991.933166354635 5008.802063892149
1497976564502 4999.9982205965625 4991.691758781234 5008.283350678963
1497976567099 4999.0380757921275 4991.434075349468 5007.019559699933
1497976570282 5001.194792879021 4993.9132709116 5008.798085726925
1497976573620 5000.811899168894 4993.909410204707 5008.02784121024
1497976576822 5000.645520748474 4993.898166796651 5007.59801651207
1497976579476 4999.846204145367 4993.50165709682 5006.564957113253
1497976581996 4998.944822176792 4992.815939484086 5005.564223868375
1497976584330 4998.215390283277 4992.245125309336 5004.433409842215
1497976587243 4995.763137550875 4990.408677936098 5001.546025034039
1497976590282 4995.784768120145 4990.56995401081 5001.2929848867425
1497976593195 4995.980916028907 4990.751076152353 5001.352725696855
1497976596346 4996.174182708052 4990.861786441427 5001.812045928639
1497976598893 4997.157708945852 4992.018162451051 5002.462367730784
1497976601687 4997.583944523804 4992.281380855599 5002.6103383399695
1497976604599 4998.082727613083 4993.076193107258 5003.092336038384
1497976607730 4998.225686333706 4993.098998819879 5003.259490666579
1497976610482 4998.272549981963 4993.2874404214035 5003.278892512544
1497976613618 4998.201784461311 4993.170963686673 5003.057548542289
1497976616785 4997.705662924587 4992.684551303182 5002.4131373815135
1497976619991 4997.966090434605 4993.008946434344 5002.676846432031
1497976623073 4997.401787669333 4992.842235337428 5001.968602495424
1497976626284 4997.7043042241 4993.001153366188 5002.062913977616
1497976629334 4998.3512256629565 4993.807302971299 5002.845763486517
1497976632004 4999.050976892221 4994.611185577218 5003.649555018527
1497976634724 4998.954648249536 4994.599592000952 5003.234467364317
1497976637907 4999.007860075058 4994.578584774642 5003.321871651786
1497976640599 4999.373411128296 4994.924603073819 5003.568857170964
1497976643200 4999.849756847013 4995.351759962031 5004.047865334198
1497976645746 4999.682928394527 4995.4887940406525 5004.160171565798
1497976648986 4999.6032671661715 4995.230994786675 5003.71242183304
1497976652436 4999.443898272598 4995.14692636985 5003.281700202808
1497976655141 4999.076551614592 4995.036976229183 5002.892189390321
1497976658648 4998.616270982626 4994.727148713029 5002.534660584032
1497976661252 4998.491820702551 4994.408268016998 5002.5138151078745
1497976663859 4998.181830683727 4994.187979860394 5002.031741729589
1497976666415 4998.402829182363 4994.44704592522 5002.049859881789
1497976669394 4998.324847064221 4994.45976764432 5001.971711966693
1497976672486 4998.599672295424 4994.653546516992 5002.273574752879
1497976675764 4998.918244808028 4995.183029413763 5002.6244376834975
1497976679156 4998.916150521064 4995.075679262596 5002.6985317581575
1497976682638 4999.271706849988 4995.379193364535 5002.893511588753
1497976686395 4999.4519713095815 4995.632825426441 5003.05466296711
1497976689723 4999.286359887732 4995.565584928488 5002.711827837395
1497976693048 4999.317161793997 4995.521053128164 5002.6504188629815
1497976696759 4998.9404246237245 4995.250101833339 5002.257488073366
1497976700046 4998.880019743484 4995.168145078808 5002.246207266736
1497976703663 4998.7567404142565 4995.178630038699 5002.150488362957
1497976707042 4998.689808127222 4995.117235366575 5002.085432488185
1497976710424 4998.883991949067 4995.301343344216 5002.204035171554
1497976713957 4998.659151912167 4995.1879701715 5001.985506249385
1497976717526 4998.623883669194 4995.082619857381 5001.888233432242
1497976720729 4998.517637373954 4994.922129584917 5001.795404645026
1497976724609 4998.531959804331 4995.027093891394 5001.7673137791835
1497976727916 4998.487794186189 4994.929393195325 5001.6962141115255
1497976731256 4998.344063283358 4994.687863205109 5001.665468277253
1497976735030 4998.464276089222 4995.063771825786 5001.6433052392695
1497976738503 4998.457285186096 4995.114331607543 5001.592936102224
1497976742150 4998.536174674828 4995.16353544988 5001.6656061852955
1497976745873 4998.45285030722 4995.155202284307 5001.570393271189
1497976749527 4998.270363605971 4995.081895715569 5001.378718193777
1497976752918 4998.500476213727 4995.330552795489 5001.561774051478
1497976756642 4998.597022037816 4995.388144906868 5001.568815502675
1497976759947 4998.252394397068 4995.1130534967 5001.283857113066
1497976763508 4998.342396058785 4995.223061447518 5001.309313951333
1497976767068 4998.481145709092 4995.323269104613 5001.638497930144
1497976770679 4998.353562795688 4995.141437708618 5001.328131555405
1497976774588 4998.1781136276995 4994.991115642979 5001.204746345315
1497976778503 4998.07671835892 4994.859102151115 5000.9995244297525
1497976782008 4998.168999826231 4994.959517585025 5001.069461761841
1497976786110 4998.076880811406 4994.94588515466 5000.983291276628
1497976789149 4998.362315367355 4995.2744139629785 5001.287675792662
1497976791733 4998.566999017723 4995.4726151903415 5001.394463013702
1497976794912 4998.372333861252 4995.298951071516 5001.198992148731
1497976798150 4998.3912680365665 4995.402289614583 5001.141822777357
1497976801103 4998.5729774216625 4995.663304105401 5001.283480524857
1497976804433 4998.460545176863 4995.556588365579 5001.188541675705
1497976807355 4998.353956543394 4995.350126713978 5001.159034361766
1497976810066 4998.532605360692 4995.558523692222 5001.297278566851
1497976812259 4998.372707567803 4995.451641533301 5000.965432530224
1497976815313 4998.5426669734115 4995.568052185242 5001.260126449931
1497976817401 4998.358097252875 4995.432343350871 5000.973384515055
1497976819819 4998.31899547579 4995.335773660206 5000.862014559537
1497976821718 4998.110398238674 4995.123963286614 5000.683770530469
1497976823910 4997.7582454531885 4994.8506132127495 5000.328465796962
1497976825792 4997.815937473281 4995.013478356719 5000.349031753223
1497976828728 4997.81600775593 4995.025788550846 5000.309535076855
1497976831569 4997.569608623465 4994.650386709689 4999.9915190968995
1497976833334 4997.63938439574 4994.768237186005 5000.125268374855
1497976835132 4997.557487215077 4994.772944231698 4999.899049209764
1497976837631 4997.578261444319 4997.578261444319 4997.578261444319
