1497976482456 5011.639335522668 4982.8678437440385 5038.077931536781
1497976484684 5009.075868538595 4990.1769260384135 5026.699632787027
1497976486801 5001.56974632718 4985.123394625809 5016.222135124256
1497976489166 4997.296652630457 4982.148147947432 5010.219382491518
1497976491557 4999.718680840721 4986.013441806551 5010.78065274542
1497976493644 4999.347662422366 4987.123365994358 5009.384302202937
1497976496608 4997.243909974312 4985.59661038079 5007.125877729368
1497976498644 4998.691808277009 4988.6559895096525 5008.200752183817
1497976500961 4998.523384840998 4989.0683410800575 5007.685345318781
1497976503265 4999.197925417368 4990.130601338007 5007.882514747303
1497976505698 4999.471201133119 4991.053138145072 5007.083785765912
1497976508306 5000.054978824694 4992.628107148331 5007.197539459
1497976510432 4998.448563919234 4991.486692179293 5005.093039869162
1497976513284 4996.056890378148 4989.278439489742 5002.924553963038
1497976516179 4996.524129468855 4989.976904867541 5002.852199569897
1497976518660 4996.094470749571 4989.792389127154 5002.356592113756
1497976521853 4996.286571508555 4990.191046926109 5002.121062981449
1497976525083 4996.643011141051 4990.4343155250335 5002.342415569105
1497976527468 4996.906900022665 4990.889572540451 5002.744693963544
1497976529766 4996.638566110469 4990.401191609459 5002.541572420164
1497976532427 4997.32902643667 4991.373356263967 5003.223985933114
1497976535295 4997.353566051812 4992.012850238993 5002.74269888783
1497976537926 4996.868691850121 4991.505794684389 5002.147923795061
1497976541080 4996.82198775054 4991.265754521772 5002.159002638551
1497976544357 4996.361023078104 4991.244363537953 5001.424969740293
1497976546987 4996.376028959255 4991.413466071362 5001.276994856004
1497976550099 4996.037136006373 4990.994393810495 5000.9353431592135
1497976553160 4995.735933520604 4990.742703371481 5000.163280865042
1497976556290 4996.745889225882 4991.802244789788 5001.598487200037
1497976559379 4995.940737493612 4991.363598412579 5000.700480779042
1497976562464 4996.286007209139 4991.633472452577 5000.599391554846
1497976565242 4996.19694345229 4991.862185407387 5000.5936545682125
1497976568197 4997.220434965602 4992.667201946565 5001.594995345816
1497976571281 4996.764277158295 4992.037528761472 5001.470228602914
1497976574415 4996.513144434196 4991.8159868598805 5001.169398191029
1497976577179 4996.226977290608 4991.627299372963 5000.742356539993
1497976580335 4996.135821695233 4991.852478685506 5000.467978051873
1497976583488 4995.9080546501655 4991.660501939606 5000.195085088178
1497976587010 4996.253430991167 4991.872525696576 5000.626948906172
1497976590345 4996.318811032554 4992.136056987003 5000.650046385573
1497976593326 4996.237643722152 4992.102253784189 5000.491775951368
1497976596555 4996.471279246164 4992.451399025101 5000.584899521351
1497976599213 4996.7093851808895 4992.625243120946 5000.809552491753
1497976601952 4997.436174338653 4993.689227757084 5001.599726768056
1497976604844 4998.086170451837 4994.218651288893 5001.998729799691
1497976607730 4997.494676505154 4993.747762371145 5001.513815063539
1497976610482 4997.45628085054 4993.627494183812 5001.390675570573
1497976613618 4997.0317192008115 4993.348176015534 5000.718612992969
1497976616847 4996.684505848861 4993.079941086012 5000.317761021591
1497976619989 4996.400335683373 4992.683724004731 5000.090349705082
1497976623023 4996.27594618561 4992.427339496818 4999.898122358766
1497976626284 4996.597068270146 4992.907706801185 5000.150057339438
1497976629546 4997.068830825197 4993.261562280311 5000.65274086824
1497976632281 4997.744077411811 4994.135572045736 5001.1515709939795
1497976634700 4997.902229102854 4994.119179797327 5001.2415809815875
1497976638203 4998.053825235995 4994.417572642242 5001.432073811462
1497976641032 4998.591678217473 4994.9842231308385 5001.924727256148
1497976643771 4998.258554953916 4994.710787233207 5001.582213602639
1497976646328 4998.126426473871 4994.694550309325 5001.378174932988
1497976649382 4998.308586848085 4994.874110267905 5001.541261119439
1497976652518 4998.246235942886 4994.82632145022 5001.6220265761385
1497976655328 4998.229109103543 4994.8786480696735 5001.665382532409
1497976659279 4998.398062100624 4995.098022106357 5001.816327746353
1497976662172 4998.526484834025 4995.17826281909 5001.744373540797
1497976665592 4998.407376673086 4995.175153513415 5001.507728173061
1497976668967 4998.318044877125 4994.88423415686 5001.463241027307
1497976671909 4998.717479486286 4995.321000101563 5001.676108482341
1497976675561 4998.230995974958 4994.8520604394735 5001.291695785623
1497976679376 4997.980883250948 4994.625749162691 5001.196162533006
1497976682750 4997.873835985181 4994.620375930238 5001.001965002347
1497976686326 4997.815896933805 4994.649623749198 5000.880545421723
1497976689723 4997.718156176167 4994.562817861602 5000.803402752559
1497976693104 4997.966626305062 4994.663928501603 5001.028193708498
1497976696814 4997.770550503784 4994.490065525281 5000.8434912638695
1497976700044 4997.863019814678 4994.6578122853325 5000.622853761774
1497976703650 4997.918533819405 4994.846213791993 5000.769862185682
1497976707100 4997.729704362948 4994.555030756465 5000.507099634896
1497976710424 4997.648695722998 4994.52604680475 5000.4247003260925
1497976713961 4997.573901709726 4994.4309357788325 5000.338366950868
1497976717527 4997.470906389669 4994.269332707076 5000.248420702826
1497976720729 4997.345966831816 4994.277088001429 5000.057613072758
1497976724543 4997.483043674048 4994.42902903864 5000.201429184553
1497976727916 4997.58147340537 4994.692073964992 5000.278123347277
1497976731256 4997.669147569324 4994.758244571074 5000.383548183234
1497976735030 4997.802060639245 4994.775751472841 5000.41400438806
1497976738503 4997.802216708016 4994.743703593961 5000.424178323435
1497976742150 4997.639353685698 4994.507497724058 5000.298010838276
1497976745874 4997.775929985303 4994.710174562578 5000.45857177915
1497976749527 4997.843821240485 4994.8920432562245 5000.456391753696
1497976752918 4997.711109021602 4994.740024196616 5000.310004905963
1497976756643 4997.87269770171 4994.8991904817385 5000.470756763105
1497976760024 4997.756206649296 4994.726199479123 5000.3561348873845
1497976763586 4997.619862599681 4994.64967952847 5000.344931202561
1497976767125 4997.723222736285 4994.820025064075 5000.396422216603
1497976770680 4997.718014453865 4994.914658049844 5000.250219688154
1497976774372 4997.836091561609 4995.080935985561 5000.350874637247
1497976778425 4997.66307163664 4994.960690239354 5000.176080347906
1497976782028 4997.508557835162 4994.749343144438 4999.994959287791
1497976786187 4997.549525329444 4994.866329348078 4999.977342208645
1497976789221 4997.578261444319 4997.578261444319 4997.578261444319
