1497976492877 5001.223368869936 4975.983489103236 5029.692330615807
1497976495054 5007.1866497505225 4988.265211895274 5026.367261949832
1497976497981 5007.9915924172055 4992.59082801598 5023.82038848524
1497976500318 5003.523958272253 4990.037472164222 5015.936314170058
1497976502408 4999.921506247601 4988.343294048646 5011.204356375737
1497976505169 4997.696153324566 4987.25007522606 5008.253019134287
1497976508113 4998.894403274842 4989.370850270341 5007.983978900331
1497976510290 4998.738381824579 4989.484515968388 5007.699680801578
1497976513149 4996.758517579084 4987.9163921701 5005.488875021481
1497976516112 4997.9772025100265 4989.794801352037 5006.413359820168
1497976518660 4998.169310849358 4990.475624170209 5005.774467807216
1497976521118 4999.673458413256 4992.437458502002 5006.536160659049
1497976523778 5000.58377267891 4993.717174688657 5007.69358848344
1497976526468 4998.933494174226 4992.327692129113 5005.566616777931
1497976529068 4999.196065161304 4992.463070449887 5005.3796191745005
1497976531928 4998.888801798423 4992.63941655999 5005.03649766616
1497976535167 4999.807989287629 4993.620570622417 5005.700728709439
1497976538054 4999.95141001864 4993.943933917394 5005.543953685381
1497976541186 4999.675671561085 4993.881501400064 5005.329923697724
1497976544426 4998.909406669979 4993.28093174745 5004.35349574056
1497976547069 4998.57605493617 4992.906058002926 5003.894800654999
1497976550099 4998.561693574352 4993.17098468596 5003.670024692151
1497976553160 4999.142606428866 4993.790358581475 5004.230540842484
1497976556351 4998.47348625379 4993.150046106119 5003.414486815677
1497976559479 4998.141972707889 4993.289303323883 5003.154033940784
1497976562734 4998.268323896225 4993.314006636175 5002.913012084174
1497976565558 4998.852434541578 4993.632079218705 5003.518493372006
1497976568201 4998.614511398304 4993.3765730858095 5003.199253477784
1497976571483 4998.645700324073 4993.662478043865 5003.014827666845
1497976574633 4999.079594097735 4994.25499135215 5003.539696770346
1497976577500 4998.912285609564 4994.361205534312 5003.400009981652
1497976580578 4999.131840853833 4994.331315099284 5003.583020511773
1497976583643 4998.932134819482 4994.508934484483 5003.2544433810435
1497976587057 4999.1470270161935 4994.514749597855 5003.249286085928
1497976590155 4998.900335201773 4994.429542150346 5003.0879942533265
1497976593154 4998.996804498052 4994.8687274352105 5003.159235502432
1497976596199 4998.803301824537 4994.8297024715885 5003.065255963725
1497976598824 4998.21693262485 4994.0797729644555 5002.281627803137
1497976601687 4997.872888272921 4993.745859600316 5002.120061898143
1497976604599 4997.582460055369 4993.419221395967 5001.669546209554
1497976607792 4997.489021398141 4993.473994036132 5001.47739098467
1497976610532 4997.1219824485315 4993.117928918656 5001.160188461289
1497976613618 4997.465502815988 4993.629087867531 5001.3672164965665
1497976616785 4997.55173690165 4993.802937874727 5001.469850578848
1497976619989 4997.118003761178 4993.379503375496 5001.132059271315
1497976623024 4997.644790200121 4993.872340254561 5001.575042862326
1497976626198 4997.539525855194 4993.830904718381 5001.418533502872
1497976629074 4997.444333926717 4993.727061186272 5001.179463093165
1497976631798 4997.123941937617 4993.461333285179 5001.036943649488
1497976634595 4997.010726959957 4993.294611300135 5000.8682438470805
1497976637509 4997.010970847745 4993.235655941011 5000.763326555119
1497976640167 4996.5415851377375 4992.98162603625 4999.976890223801
1497976642844 4996.473802669391 4992.768499594064 5000.035111498391
1497976645506 4996.191178568269 4992.571213734925 4999.693330032908
1497976648986 4996.136892889026 4992.663405198919 4999.578769005095
1497976652436 4995.768261077497 4992.371970154361 4999.189212734162
1497976655309 4996.157468740812 4992.883341719909 4999.48768137669
1497976659279 4996.016308065206 4992.774352849111 4999.421260584595
1497976662172 4996.045724894143 4992.811650079334 4999.34356303825
1497976665593 4996.22027423407 4992.8467214320435 4999.418630200622
1497976668903 4996.398106422832 4993.284162798212 4999.49647811083
1497976671844 4996.527760222905 4993.48858804129 4999.734118344265
1497976675555 4996.679150409813 4993.584756417527 4999.879553774005
1497976679049 4996.422659092939 4993.397017640456 4999.539406491547
1497976682490 4996.476715617554 4993.387455893243 4999.68328605248
1497976686323 4996.506423039832 4993.418243702798 4999.635289708995
1497976689723 4996.18960925375 4993.2133978981665 4999.119400109692
1497976693104 4996.510036815979 4993.5068439832985 4999.3458381197
1497976696819 4996.752523505886 4993.824486793417 4999.704349220397
1497976700044 4996.814198332919 4993.815124204846 4999.645815832493
1497976703731 4996.641322014492 4993.627086978265 4999.483913264826
1497976707164 4996.64025249733 4993.690649453244 4999.48128253697
1497976710424 4996.5581065709475 4993.619758215047 4999.449681542804
1497976713956 4996.489664425924 4993.454023133096 4999.406783950181
1497976717662 4996.8721614701935 4993.83468139326 4999.905360309865
1497976720733 4997.193687987796 4994.071992801212 5000.107946302926
1497976724609 4997.117856535957 4993.994563402804 4999.964730760008
1497976727916 4997.145814828065 4993.963747640262 4999.887252256749
1497976731256 4997.026475998257 4993.811563192763 4999.829117554932
1497976735030 4996.882484946474 4993.703736492908 4999.524534123764
1497976738503 4996.947297790574 4993.759245090268 4999.555703538488
1497976742150 4997.125405563531 4993.965959314178 4999.775006305553
1497976745875 4997.162486423466 4994.183297037166 4999.868527487284
1497976749527 4997.339896334391 4994.345557135397 5000.078255858479
1497976752918 4997.426637436152 4994.375364042903 5000.153720752746
1497976756643 4997.166253773658 4994.08008888887 4999.817688406814
1497976759947 4997.120766758449 4994.049590825407 4999.861667220551
1497976763530 4997.166947400201 4994.1014523845415 4999.955946311019
1497976767068 4997.279495711922 4994.346190146808 5000.014178250036
1497976770905 4997.447765630184 4994.436164542329 5000.175133589977
1497976774373 4997.542837813376 4994.587940021526 5000.157729161862
1497976778424 4997.523190356871 4994.63748582338 5000.081544109727
1497976782023 4997.617789191903 4994.818130788179 5000.22756042328
1497976786110 4997.625274781039 4994.8676635021175 5000.311417621645
1497976789149 4997.655145386968 4994.764665197546 5000.212367270189
1497976791851 4997.713874697075 4994.83515704299 5000.254351043506
1497976794912 4997.517461476268 4994.692373699544 4999.964222316711
1497976798150 4997.329233421626 4994.553646808442 4999.668132881769
1497976801103 4997.618453764312 4994.74174582643 4999.963198258082
1497976804434 4997.578261444319 4997.578261444319 4997.578261444319
