1497976556052 5000.485316385506 4973.801740957527 5026.253574732947
1497976558634 4998.961319899781 4981.272596230847 5018.3268632234185
1497976561599 4998.335003518198 4983.409545826306 5013.554977134099
1497976564240 4999.87326158455 4986.366128581153 5012.232091873695
1497976566731 4999.353227890475 4987.13676034506 5011.210041204876
1497976569325 5001.640188484132 4990.639210076357 5012.26142062093
1497976571938 4998.499772714093 4988.091051586709 5008.705415590395
1497976574690 4996.298034178011 4986.063065160654 5006.075915922341
1497976577299 4997.025497058967 4988.002887695356 5005.962317467553
1497976580493 4997.479632085488 4988.981588071312 5006.462349426331
1497976583541 4996.579580626406 4988.655651676616 5004.823682329239
1497976587010 4996.684254312091 4988.697349097565 5004.540799198539
1497976590155 4997.440132357425 4989.810820714801 5004.738060456465
1497976593154 4994.318305572872 4986.7350331775415 5001.364950492804
1497976596099 4993.968528965977 4987.076685959063 5000.812181810164
1497976598502 4994.6345893407515 4988.078087279975 5000.9472451082065
1497976601178 4994.114465106025 4988.030043472647 5000.139574277026
1497976604284 4993.771284376657 4987.644478538582 4999.873037620278
1497976607668 4994.32766947184 4988.47128107146 5000.4289699785
1497976610481 4993.83402430795 4988.003136277711 4999.748495453276
1497976613618 4994.45389594302 4988.834781134894 4999.944220616095
1497976616784 4993.669260139575 4988.1179730049935 4999.206316537261
1497976619989 4993.315075862016 4987.683640416343 4999.039245075084
1497976623019 4992.404085331207 4987.047230382445 4997.64276632082
1497976626045 4992.915280805351 4987.549677496062 4997.829469009713
1497976628716 4992.883297521271 4987.704766910849 4998.01759625339
1497976631298 4992.65050284561 4987.371884878515 4997.732581352014
1497976633884 4992.409368371857 4986.928140373299 4997.088705447456
1497976636881 4992.771166469412 4987.441413160629 4997.633572455553
1497976639847 4992.5806132485095 4987.569305028402 4997.227045852588
1497976642429 4992.87951152439 4987.983236806103 4997.801903272277
1497976644755 4993.0619575236005 4988.148168753176 4998.033888773079
1497976647447 4992.89525949155 4987.981874742655 4997.695300199397
1497976649822 4993.410308680038 4988.800424093144 4997.957705497749
1497976652630 4993.351168628257 4988.8640274742975 4997.720280405309
1497976655514 4993.3334567127085 4988.5993887292425 4997.845566489629
1497976659416 4993.746977645633 4989.359935290037 4998.221929155728
1497976662294 4994.015174322411 4989.320890544311 4998.3442965391705
1497976665711 4994.215395403886 4989.749800524866 4998.589875154867
1497976669065 4994.164921430805 4989.820511472983 4998.1903845825545
1497976671908 4994.117065443117 4989.89216748739 4998.12774226884
1497976675555 4994.239157420015 4990.112317708923 4997.9558879225015
1497976679156 4994.597295365714 4990.613335820171 4998.5238647890665
1497976682638 4995.043133849364 4991.053706901124 4998.906238526084
1497976686323 4995.268439326028 4991.3883641401735 4999.012181177277
1497976689723 4995.556058450685 4991.6300736066405 4999.3659500161875
1497976693105 4995.51017440156 4991.459055753503 4999.184132157356
1497976696814 4995.447347037985 4991.587521392407 4999.159538627727
1497976700044 4995.1237922514765 4991.327994157521 4998.858798215945
1497976703594 4995.288533760443 4991.568021552123 4998.942854379787
1497976706912 4995.1996821845305 4991.463833161173 4998.811168675211
1497976710180 4995.759995744269 4992.089290243103 4999.3220295235515
1497976713900 4995.773843087179 4992.097135345873 4999.341062145021
1497976717526 4995.593114350111 4991.862198284358 4999.1154419298355
1497976720729 4996.014963980735 4992.577350482508 4999.4668114075075
1497976724609 4996.215058431216 4992.596547581492 4999.368010310704
1497976727915 4996.6580937553435 4993.009124289159 5000.000271179829
1497976731256 4996.730528569129 4993.169396856136 5000.023799964588
1497976735030 4996.642971501966 4993.225133750721 4999.772402129459
1497976738503 4996.820618279742 4993.400013860268 4999.849754486191
1497976742149 4997.187485727919 4993.7989217327595 5000.234103414004
1497976745873 4996.96211418409 4993.395834260106 5000.0163912211065
1497976749527 4997.100146180127 4993.730425870923 5000.04037122761
1497976752859 4996.501418731866 4993.231067713623 4999.5798219853405
1497976756449 4996.588983276711 4993.294524065381 4999.588403518594
1497976759947 4996.524991578005 4993.235249539431 4999.502869087818
1497976763508 4996.832420879636 4993.679574443205 4999.835832866623
1497976767068 4996.994949163282 4993.880696439554 5000.05605180559
1497976770679 4997.430950329012 4994.336509949066 5000.503962181466
1497976774234 4997.371629017876 4994.292981539898 5000.517943119101
1497976778424 4997.228670409015 4994.173124825037 5000.267445809074
1497976782009 4997.326651195834 4994.145735876825 5000.231712933064
1497976786322 4997.478093718791 4994.345584657591 5000.2400700573035
1497976789282 4997.493211477228 4994.479191407334 5000.386011642801
1497976791873 4997.539743776169 4994.630836793505 5000.549267637255
1497976794911 4997.49750368754 4994.585285410929 5000.42396259619
1497976798088 4997.496515223297 4994.560476927971 5000.379410048739
1497976801103 4997.608702864389 4994.673857335752 5000.524478927543
1497976804435 4997.702361351866 4994.824766442945 5000.728085913906
1497976807509 4997.95091124981 4995.081585860198 5000.853701298207
1497976810066 4997.909715766527 4994.993833697152 5000.82288624382
1497976812259 4997.853471588053 4995.009673258355 5000.760533931115
1497976815297 4997.82633193215 4994.87652339993 5000.767395506186
1497976817401 4998.035925643849 4995.0896484237 5000.955724426394
1497976819703 4998.116946281358 4995.192403354155 5000.976067217548
1497976821636 4998.304242200948 4995.434840716215 5001.10052163785
1497976823881 4998.256394281644 4995.322897079365 5001.137100571233
1497976825758 4998.06974383445 4995.186579217371 5000.768917962281
1497976828699 4998.1380602210065 4995.173131449048 5000.839175559691
1497976831404 4997.819376757298 4994.858447327352 5000.515265248281
1497976833162 4997.6067274600855 4994.705164455441 5000.272078021369
1497976834946 4997.4665657873165 4994.5209830958265 5000.175330867219
1497976837408 4997.327489513512 4994.384084153912 4999.929697082863
1497976839851 4997.367008608386 4994.523263823741 4999.949207390972
1497976842533 4997.274618092624 4994.438815798004 4999.820368188273
1497976845048 4997.399832156489 4994.491059000831 4999.923459581445
1497976847255 4997.527117603287 4994.673856924236 5000.047530552448
1497976849416 4997.605298697511 4994.744532940661 5000.10121165996
1497976851507 4997.718651874364 4994.872977166398 5000.167812665131
1497976853798 4997.578261444319 4997.578261444319 4997.578261444319
