1494879769567 4972.119393421614 4885.339107838891 5056.329130434782
1494879774357 4986.456691231443 4930.843399482313 5042.577735730054
1494879776431 4985.335326783425 4937.849702449298 5028.5762246621625
1494879779147 4986.853374626228 4949.838535253493 5028.917802269396
1494879781285 4997.721870995301 4963.212070410729 5034.356845609655
1494879783082 4995.427571889897 4964.567842458342 5027.548537362576
1494879785512 4988.605337570585 4958.931244319411 5020.250483688182
1494879788255 4990.910673287415 4961.982311807601 5022.601120234923
1494879790297 4991.63601881159 4963.052942996447 5019.395728010285
1494879793178 4992.599419076502 4966.015893388094 5018.641436666451
1494879795066 4993.600997825799 4969.353651057305 5020.019194089057
1494879797308 4998.215637654416 4974.829220947847 5023.474024124662
1494879799154 4999.328710101128 4974.805259683791 5023.08493777684
1494879801758 5002.893335098908 4979.617709540154 5027.021216217368
1494879803646 5003.1818803126735 4981.557173058854 5026.895255013455
1494879805782 4999.026814432594 4978.03213887675 5022.221860528993
1494879807786 4997.521189689528 4977.748969422619 5018.558999092586
1494879809559 4997.985474838859 4978.671193795793 5019.112646642017
1494879812509 4997.7035566538025 4978.321976276844 5018.479440927679
1494879814298 4997.427000128145 4979.190383026825 5017.183915726173
1494879816454 5002.910176648107 4985.845435573055 5022.522356811724
1494879818294 5006.1042356338285 4988.719223034223 5023.819179877838
1494879820187 5004.522179008271 4988.286337129047 5022.846952029772
1494879823056 5007.07649526283 4990.92670408598 5023.529580119965
1494879825654 5006.459356018214 4990.06434197099 5022.869971525378
1494879827437 5007.19701801111 4991.21743108673 5023.711175366662
1494879829738 5006.326577774361 4990.698338085061 5022.3731076110325
1494879832750 5006.521709414853 4991.532349348403 5021.802962046364
1494879835066 5004.64064749277 4989.546858826506 5020.285274907265
1494879836938 5000.9242711603765 4986.7462340869415 5016.332826585016
1494879840049 5001.063371272231 4987.46542409911 5016.56431379274
1494879842751 5000.456866484839 4986.121563109133 5015.610257809601
1494879844517 5002.680012558494 4989.26309097809 5017.57974680291
1494879846735 5002.811847649884 4989.447375996457 5017.504594009438
1494879849442 4999.653910309668 4986.399061955425 5014.388493150685
1494879851229 5000.893363633257 4987.581450889351 5015.845655526992
1494879853081 4999.783313043293 4986.0569374027145 5014.804674326746
1494879855761 4999.199942333568 4986.124195175264 5013.314792540315
1494879857508 4999.889468400931 4986.991152317541 5014.671306230885
1494879859459 4999.738241387412 4987.005017669349 5014.074499050833
1494879862299 4999.644143961351 4987.12576235674 5013.371353825752
1494879864189 4999.53625395388 4987.227915533719 5013.123179792295
1494879866070 4999.263140920905 4986.521692213057 5011.2796934460885
1494879868472 4998.872583631809 4986.59082278481 5011.503921113689
1494879871038 4998.105338809473 4986.303805400108 5010.03861083395
1494879873429 4997.880808520908 4986.4836292892915 5010.094714587738
1494879876095 4999.449089301427 4987.909449450578 5011.013782355304
1494879878432 5000.57553415974 4988.984130388618 5012.016398345321
1494879880183 4999.654974669594 4988.740540193477 5010.844044947669
1494879882589 5000.711284631748 4989.864943130277 5011.653609251885
1494879885193 5000.829220888783 4989.86717136958 5011.709127532984
1494879887342 5000.599342182544 4989.731885045375 5011.593282343397
1494879889159 5000.068919045911 4989.529862356852 5011.0974237012715
1494879891865 5000.0248922510455 4989.5271549948675 5010.707789139788
1494879894436 4999.822219564391 4989.334462682499 5010.420878838549
1494879896307 4999.119427530397 4988.807279677214 5009.661275986953
1494879898705 4999.519163123082 4989.489243496291 5009.554632171507
1494879901304 4999.42087963487 4989.325103800227 5009.5528302616485
1494879903404 4998.866892630752 4988.632601644349 5009.34309537157
1494879905339 4998.7805222376 4988.79189730428 5009.244124616359
1494879907709 4998.923689066584 4989.152065120924 5009.031218140945
1494879909607 4999.270012131153 4989.756243586827 5009.283424477122
1494879912212 4999.912378234878 4990.3515511830665 5010.130022557
1494879914948 5000.813317329358 4991.177934107515 5010.636976861052
1494879916784 5000.589898679242 4991.425941905178 5010.183750397094
1494879919338 5000.9796546892885 4992.301472708415 5010.279576766934
1494879922029 5000.667314518575 4991.979172868338 5010.028586131256
1494879923784 5001.834505162169 4992.212970059214 5010.573612906253
1494879925870 5001.364329131551 4991.645522468963 5010.3142322712465
1494879928626 5002.379713122632 4992.5951755540855 5011.860917947443
1494879930806 5001.817011024873 4992.715457466599 5011.317249850736
1494879932626 5002.583313577367 4994.034024913907 5011.852529018046
1494879935330 5003.307148669516 4994.198671400026 5013.062211515235
1494879938097 5003.38627291425 4993.850985448903 5013.153055517471
1494879940234 5003.63408106994 4994.328733173984 5013.272505892108
1494879942021 5003.531807240753 4994.210411051574 5013.152035533426
1494879945201 5002.888761690776 4993.640934324919 5012.506111831268
1494879947997 5002.929335278325 4994.154272204325 5012.4881649917
1494879950000 5003.271409105277 4994.944151624549 5012.535455993316
1494879951921 5002.872023784098 4994.416631676184 5012.0064951832355
1494879954577 5003.008972431292 4994.7485590793485 5012.486522825327
1494879956723 5002.95950125157 4994.483670647284 5011.932362860192
1494879958723 5002.940725568759 4994.439586516547 5012.168279593162
1494879961321 5002.64556364545 4994.604558434209 5012.233759505378
1494879963175 5002.411809180457 4994.171760839877 5011.75915479389
1494879965444 5003.040979212453 4994.684598272138 5012.03738958419
1494879967964 5003.150944121586 4994.695576503191 5012.022792570566
1494879969813 5002.815814203822 4994.6282676214305 5011.9077494803405
1494879971728 5004.11095211347 4995.922519627297 5013.229777104523
1494879974322 5003.997270461395 4995.846853573807 5013.532695965287
1494879976151 5003.680442536469 4995.433976340418 5013.166705100566
1494879977991 5003.41247089981 4995.557777455865 5012.591520790511
1494879980587 5002.715691069587 4994.545749802129 5011.680931776163
1494879982881 5002.596502843816 4994.346569040368 5011.360195338938
1494879984583 5002.889850472759 4994.708322785282 5011.813821968237
1494879986259 5003.594381996075 4995.514588859416 5012.926537612795
1494879988707 5003.739594924489 4995.730407717845 5012.4767981733385
1494879991391 5004.760428013071 4996.971429851836 5013.201670156031
1494879993919 5004.87975694667 4996.779010664948 5013.565721549941
1494879996367 5004.689579462207 5004.689579462207 5004.689579462207
