1494882716823 5009.301366937207 4924.408219761499 5099.66552094522
1494882723257 5008.196497223409 4949.946744930629 5063.402318229715
1494882725314 5012.320089705254 4964.256942220299 5059.6047516198705
1494882727274 5012.426847501068 4971.777413902388 5052.331727748691
1494882729339 5008.948656614412 4970.867618345121 5044.117526291532
1494882731779 5016.724686896646 4981.375353807844 5049.71140457017
1494882734158 5013.6789214011105 4981.450987058707 5043.665274306922
1494882736240 5010.458483554036 4980.90550177216 5039.778230291415
1494882738442 5010.000856451472 4980.486881149462 5038.590598124161
1494882740464 5020.832998718496 4993.828748595447 5047.4977541067765
1494882742418 5020.09527765912 4994.803939433014 5044.963042302467
1494882744349 5016.681777018368 4992.009616709733 5041.450086053054
1494882746274 5015.964569090167 4990.846603732639 5039.746095691582
1494882748254 5019.512384479514 4995.513586298653 5042.487202679713
1494882750397 5018.729604063169 4996.608515611506 5042.3341589664615
1494882753051 5016.551995677172 4995.812634885338 5039.150230353208
1494882755520 5019.851594687011 4998.283551407122 5042.164636883337
1494882757898 5018.408875485625 4997.57153862524 5038.505844868068
1494882760031 5021.664861920933 5002.097075988078 5040.793797751309
1494882762472 5020.209329147177 5000.909710809946 5039.278597319397
1494882765039 5019.579252222275 4999.454754023489 5037.660700065708
1494882767662 5018.413918451645 5000.529775332456 5036.628382419765
1494882769920 5017.135067714329 4999.970913248081 5035.00048633527
1494882772244 5017.344505527363 5000.6385682842465 5034.574975329637
1494882774518 5018.600406649923 5002.32696732826 5035.011693978642
1494882776941 5016.334670314533 5001.103143709999 5032.828636348149
1494882779269 5016.25483642235 5000.927861124493 5032.327698839907
1494882781759 5015.056823593986 4999.782591958571 5031.278945585433
1494882783978 5014.563384071916 5000.15950673859 5030.405758404238
1494882786216 5015.870801083261 5001.605081273697 5031.470108718607
1494882788470 5015.2097557537545 5000.951102689837 5030.2270005895325
1494882790824 5017.986531914621 5004.151413299823 5032.982241943932
1494882793198 5017.481999837682 5002.896848941629 5032.391771065021
1494882795301 5018.519887146344 5004.760491593956 5033.152835657116
1494882797701 5017.673275425711 5003.778342797055 5031.995677558651
1494882800219 5016.078583388863 5002.27451137608 5030.842074628288
1494882802485 5014.232524166094 5000.375307615745 5028.318338479213
1494882804601 5013.828729352566 5000.005635782047 5027.824541844067
1494882806815 5013.632025321593 4999.567540946941 5027.0543455348
1494882809161 5015.067344842242 5001.70036306215 5028.018283293619
1494882811557 5014.490742540318 5001.195233800411 5028.001584188774
1494882813571 5013.760622279556 5000.976613189016 5027.653372796583
1494882815317 5014.474794483684 5001.807365792213 5028.661050096816
1494882817690 5014.172509829969 5001.930511440108 5028.27826349881
1494882820093 5014.225637586473 5002.134773058297 5027.691090528173
1494882822449 5013.31008750291 5001.156003076098 5026.284144257919
1494882824190 5010.745322631628 4998.46237651246 5023.941369486155
1494882825942 5009.197367859004 4997.307856541284 5021.961704841367
1494882828266 5008.438075060016 4996.463893395919 5020.89965227949
1494882830512 5007.3014745457185 4995.818443591578 5019.8559736678235
1494882832688 5008.2718090775315 4996.7530401333615 5020.236437269259
1494882834725 5008.619806027625 4997.488627246905 5020.537059054984
1494882836454 5010.5788202327585 5000.118325286445 5022.754116516659
1494882838506 5009.899510688603 4999.663984849446 5021.981845963546
1494882841285 5009.6077200566415 4998.844189862556 5021.463138904561
1494882843750 5009.191175716775 4998.24810466764 5020.68676032409
1494882846181 5008.5275219560535 4997.56492202815 5020.192867546228
1494882847882 5007.994916789119 4997.3658889876815 5019.39891787794
1494882849567 5009.054930714554 4998.6214536490625 5020.298427232187
1494882851530 5008.474438711 4997.5364704123685 5019.4402625349685
1494882854223 5008.751962802857 4998.453838981764 5019.9116685722265
1494882856771 5008.708956275843 4997.969138532926 5019.123947520899
1494882859194 5009.361724621802 4999.486862290421 5019.518765899934
1494882861724 5010.369234120805 5000.7149699689935 5020.42321883613
1494882864430 5009.943431245448 5000.008526154067 5020.182634454556
1494882867165 5009.329827064409 4999.268171285275 5019.620688589715
1494882869450 5009.083166028773 4999.722538353956 5018.9156874862065
1494882872096 5009.209746522913 4999.764089687548 5019.294678780689
1494882874059 5008.532671376824 4998.909349484074 5017.9141778856765
1494882876125 5008.024307468871 4998.3185217707905 5017.642071569092
1494882878674 5008.470683089462 4999.05639219773 5018.460807941699
1494882881203 5008.156525583551 4999.188978944027 5018.264172912867
1494882882942 5007.774056030534 4998.639787553648 5017.324098113421
1494882885200 5007.716295500513 4998.103503066954 5017.040325534253
1494882887624 5007.375026964454 4997.971730843997 5016.792800228219
1494882890344 5007.036607583365 4998.100858369099 5016.318473220158
1494882893129 5006.788193332052 4997.3381067360215 5016.052258271955
1494882894845 5006.594361504453 4997.679170216373 5015.535881318232
1494882896903 5006.223177633968 4997.49119997615 5015.491802886601
1494882899655 5006.852957320524 4998.25088902177 5016.134079807747
1494882901856 5006.735023312139 4997.771877594007 5016.311966829043
1494882903626 5006.981640716773 4998.333979478108 5016.464544843766
1494882905807 5006.490053608423 4997.736679633364 5015.827928396087
1494882908587 5006.768860620532 4998.347416026249 5015.957680856286
1494882911578 5006.617223858474 4998.388700284704 5015.683161268837
1494882913807 5005.301436101595 4996.608295258508 5014.234774507728
1494882915593 5005.296636993498 4996.503180230213 5014.565980448826
1494882917623 5004.538013844186 4996.089484544947 5013.38628167609
1494882920451 5004.734141231197 4996.503669512148 5013.679445903584
1494882922925 5005.4929956792985 4997.204997640599 5014.713301702957
1494882924766 5005.572416223489 4997.322615800301 5014.4919459078055
1494882926653 5005.489294356604 4997.253702114881 5013.8391373758695
1494882929312 5004.935832349091 4997.219280044862 5013.347119298101
1494882931599 5005.2071865035205 4997.390273993514 5013.875898180377
1494882933635 5005.060692721871 4997.106241317277 5013.684992170521
1494882936193 5004.691187714914 4996.692704884619 5013.412027791736
1494882937975 5004.183951645629 4996.281905156926 5013.102031943018
1494882940483 5003.777770658466 4995.780746082937 5012.4125583162695
1494882942345 5004.154644283548 4996.333378716452 5012.926755006826
1494882944933 5004.689579462207 5004.689579462207 5004.689579462207
