1494879103609 5052.5999572832125 4968.506080648603 5134.541541755889
1494879110294 5018.164584000854 4955.983240223463 5078.033195921024
1494879112730 5019.4873890884855 4970.1100621384185 5063.461625968715
1494879114824 5007.97458351132 4964.925963761492 5045.48792109929
1494879117033 5022.417300299017 4981.263796292314 5059.132800136863
1494879119654 5013.60458351132 4976.71791613723 5043.655015839493
1494879122263 5007.678129004699 4971.431556377885 5035.281581585113
1494879124371 5003.241666168317 4973.841547929256 5028.50685015368
1494879126311 5000.85030467033 4972.071493517726 5024.940144228688
1494879128482 4997.738893635199 4970.360056595559 5023.3223726767
1494879130574 4997.277251174712 4970.91558715703 5020.396567938052
1494879132520 4992.410432921607 4967.040999132045 5016.980014320025
1494879134535 4997.117814913539 4972.661097453022 5019.639845550228
1494879136541 4989.708244340026 4965.984589796388 5010.352353169803
1494879138791 4995.2338872276805 4971.667558208702 5018.175615318417
1494879141053 4997.399954293623 4974.518021295994 5020.074267317478
1494879143123 5000.156657411363 4976.563144853875 5022.69167340305
1494879145185 5006.401715079026 4982.662284567436 5028.454073470628
1494879147287 5007.00038017941 4983.988213195283 5028.167062232618
1494879149515 5009.428545493379 4988.072824001395 5029.312941629909
1494879151627 5007.918684322939 4987.092028303903 5026.21992834667
1494879154729 5006.750427167877 4987.304956806711 5025.941753923885
1494879156905 5010.97615996446 4991.114202965007 5029.996858847259
1494879159065 5011.437311513784 4991.630868322549 5030.506225924174
1494879160869 5009.143475920752 4990.19136547056 5027.388218618699
1494879162588 5008.484550504802 4989.778575203103 5025.633517175396
1494879164293 5010.602798358832 4994.423151236096 5027.479206013128
1494879166137 5010.008699218074 4994.2999146822185 5026.379123511454
1494879168278 5008.275092587451 4992.795820696361 5024.470164027449
1494879170290 5007.4144080647575 4991.950397130305 5023.420789312105
1494879172733 5006.094953322127 4991.752930771291 5021.065126337638
1494879174912 5006.2989156551885 4991.883736965312 5021.2814780600465
1494879177153 5005.844753091034 4991.70037470726 5021.241858987932
1494879179417 5005.182699680272 4991.873487932844 5020.269193464309
1494879181335 5004.630371776827 4991.47442445793 5018.67655362843
1494879183012 5003.870090621536 4990.92377737534 5017.619231878485
1494879184593 5005.296820037034 4992.3199367938405 5019.889515067008
1494879186284 5004.994491823166 4991.740668511816 5018.822364094396
1494879187955 5004.508897678829 4991.922263970048 5018.519322310557
1494879190266 5004.689595738682 4991.987496274218 5018.808445599248
1494879192368 5004.6943329090245 4992.828155935061 5018.149515649692
1494879194650 5005.079887059467 4993.164825742129 5018.10346677604
1494879196783 5004.349183804668 4992.244623370219 5017.980853531229
1494879198829 5004.111725746408 4991.644344589668 5017.28724633394
1494879200886 5004.199676212282 4992.689352973685 5016.96081801832
1494879202934 5003.97294578478 4992.678353859431 5016.317536665444
1494879204974 5004.017893756621 4992.747264597202 5016.134874159652
1494879207044 5003.705303175925 4992.97289749596 5015.676018367134
1494879209055 5003.6433465468335 4992.4425680559925 5015.514419531515
1494879211186 5003.640689608037 4992.233315333862 5015.730020513789
1494879213170 5002.844526032289 4991.491336861756 5015.263327079996
1494879215345 5003.278558415402 4992.722190724572 5015.0601890020835
1494879217317 5003.34457902347 4992.612377526188 5015.087030554117
1494879219355 5004.192800650992 4993.261481675538 5015.553390210089
1494879221570 5003.4690939302745 4992.639162070081 5014.500101311936
1494879223684 5003.370006492841 4992.16083636771 5014.63352000447
1494879225367 5003.09737766121 4991.774145713001 5014.576576153841
1494879227033 5003.026648412671 4992.659142811621 5014.361471414941
1494879228668 5002.999820592557 4992.755095460623 5014.390761455354
1494879230459 5003.603417270028 4993.159427914208 5014.661120597652
1494879232758 5003.982761971683 4993.998717809456 5014.992135959665
1494879234963 5004.409889600584 4994.2472680632745 5015.633690567375
1494879237044 5004.486003045648 4994.1507884824105 5015.793776208343
1494879239020 5005.569356847049 4995.396879466362 5016.612126043209
1494879241203 5006.115965306092 4996.2409695867955 5016.95399596208
1494879243880 5007.091858550349 4997.389782100048 5017.804158770377
1494879246773 5006.832132300175 4997.339705110525 5017.682454847827
1494879249046 5006.834690992037 4997.157954466848 5017.529336459904
1494879251685 5006.320607507774 4996.629207513028 5016.909185454816
1494879254000 5005.594746352049 4995.650280719391 5016.363827684267
1494879256107 5005.452057632505 4995.623641504401 5016.247438197833
1494879258167 5006.054505689779 4996.3246824335265 5016.854660103224
1494879260357 5007.598099981632 4998.425430132948 5017.713445399141
1494879263179 5007.322194409322 4997.972624534619 5017.472025487682
1494879265339 5007.1115337627725 4997.706039518485 5017.119840940374
1494879267690 5007.247014675133 4997.996464887277 5017.313241951578
1494879270188 5007.089580227506 4997.735684643796 5017.057440214432
1494879272396 5006.937245705425 4997.759181199312 5016.621995239126
1494879274107 5007.750106256421 4998.705600216028 5017.295985929418
1494879275766 5007.04899115135 4997.895297736523 5016.795085308948
1494879277570 5006.9381962717425 4998.0945247349155 5016.416419300644
1494879279766 5007.5400035881485 4998.241153609705 5017.12225902487
1494879282006 5007.256479478182 4998.277387273883 5016.885868058182
1494879284008 5006.5479806069925 4997.378971531592 5016.508195736518
1494879286482 5006.4848871233 4997.76866531015 5016.280114146735
1494879288896 5006.165609448752 4997.6078479054295 5015.9194622495825
1494879291180 5006.255500736849 4997.608376211252 5015.949115973079
1494879293481 5004.9604899510905 4996.4034492103565 5014.748224371876
1494879295582 5005.201138378078 4996.783303156684 5014.595579646008
1494879297842 5005.055306379616 4996.6787428328735 5014.2688915573735
1494879300062 5005.0901497191435 4996.6411318751325 5014.184537244829
1494879302489 5004.754430704171 4996.469392689303 5014.000282910057
1494879304548 5004.765944768373 4996.8724888386805 5013.665900633283
1494879306669 5004.03933491382 4996.1199165354565 5012.9348993097965
1494879308734 5003.575265372376 4995.8939998071355 5012.341804057334
1494879310836 5004.298876572479 4996.63677052019 5013.043187154915
1494879313294 5004.848866961406 4997.114487395386 5013.855731492474
1494879315610 5004.592581518083 4996.621051668681 5013.25996293543
1494879318030 5004.6092714807455 4996.633616357502 5013.348089109558
1494879320124 5004.689579462207 5004.689579462207 5004.689579462207
