1494888779944 5073.150149508757 4989.901734104046 5160.249422632794
1494888785419 5030.532785134558 4972.07655553196 5091.156350741458
1494888787477 5039.189676934347 4990.090759412891 5089.7184679211605
1494888790234 5021.828331909441 4978.850926167493 5064.028689392336
1494888792875 5028.737206322085 4989.089284972371 5064.396838706973
1494888794734 5030.813648013669 4996.487355406538 5065.739222830665
1494888796430 5025.546988466467 4994.016692209531 5057.51141108734
1494888798659 5020.990517116178 4993.011404036067 5052.663917054652
1494888801627 5023.576984194789 4994.139164417538 5053.960319106466
1494888804620 5028.281524989321 5001.957280961505 5053.923801889245
1494888807192 5025.849500213584 4999.751311079396 5051.03195090986
1494888809495 5025.537981631781 4999.445089130435 5049.58171429329
1494888811203 5024.554068774029 4999.186758646719 5046.856695081967
1494888812991 5023.8068731311405 4999.6365778851905 5045.365601903073
1494888815780 5023.692195642888 5000.768228992948 5045.0933401543025
1494888818535 5019.194867577959 4997.164007527768 5039.412726092601
1494888820323 5018.360591627509 4996.793335558523 5039.599243695208
1494888822186 5018.796050832977 4998.585798520453 5038.9988043637495
1494888824839 5020.846578385305 5001.278228829993 5040.830508038033
1494888827194 5018.519767193507 4999.215964793795 5037.596546652304
1494888829177 5018.89909653994 5000.812293330593 5037.3788008519705
1494888832169 5017.091559162751 4998.785939937169 5035.005288870008
1494888834661 5014.611870995301 4996.720083357938 5032.434536553525
1494888836341 5014.698088423751 4997.1493126197065 5031.754170491803
1494888838616 5013.46654876934 4996.032955476057 5030.059089470968
1494888841109 5012.174085860744 4994.848737338624 5028.51641574196
1494888843323 5014.460905595899 4997.1515094609385 5030.614155887948
1494888845196 5013.443314822725 4996.926676767461 5029.8930696749085
1494888847892 5013.195015367397 4996.627231472702 5028.601453310014
1494888850532 5014.596952157198 4998.211499893322 5029.529341291183
1494888852612 5014.51954190419 4997.573266698501 5030.360688681295
1494888854394 5015.699179837677 4999.530091723264 5030.746220572641
1494888856497 5014.98656343443 4998.9127601617365 5030.260333082273
1494888859259 5013.445083297736 4997.670496296474 5028.342935346306
1494888861562 5013.2509280182485 4997.601318865979 5026.641229677851
1494888863280 5009.919436998751 4994.528734839984 5023.739167877947
1494888865153 5011.099832338399 4996.128082956615 5024.782693820284
1494888867737 5010.782129622708 4995.8823813577355 5024.879162932388
1494888870188 5009.924229771147 4995.952866376479 5023.778732720256
1494888872070 5009.563518117064 4995.404210688046 5023.863804873879
1494888873832 5009.566518013516 4996.027284529514 5024.347868521721
1494888875890 5008.946209114869 4994.556280430767 5023.210563528099
1494888878495 5008.347841966322 4994.799346470276 5022.550782374336
1494888880983 5009.058109037475 4995.9966300830465 5023.410187848047
1494888882695 5010.43823872398 4997.38017128911 5024.347775975412
1494888884837 5010.288099682618 4997.6360088987485 5024.5123407920655
1494888887840 5010.704206250213 4997.9708239541305 5024.75138531662
1494888890184 5012.149980350613 4999.778636844869 5026.036291181407
1494888891908 5014.31477811049 5002.240387232142 5027.72555578632
1494888893610 5013.139113979744 5001.349624124018 5026.355315892073
1494888896438 5012.802066624947 5001.98578234602 5025.652045451076
1494888898869 5012.950779896754 5001.633586191449 5025.804187935971
1494888901085 5012.841631336701 5001.370909450113 5024.782974455141
1494888902782 5012.443718029495 5001.357836058612 5024.492035629791
1494888904432 5012.017765722279 5000.919202057317 5024.0178755786455
1494888906629 5011.923392858287 5001.33431060636 5024.0672100513075
1494888909154 5011.12143346853 4999.9325422720685 5022.907100388874
1494888911624 5010.033846068414 4998.4935078908065 5021.890863220877
1494888913371 5009.346087636264 4998.001127909966 5020.6442685941065
1494888915022 5008.892517855312 4998.202767803903 5019.917263412558
1494888916717 5008.446177767146 4997.75165483776 5019.376720423543
1494888919104 5008.329407015685 4997.811869352512 5019.14329683276
1494888921568 5008.611120722245 4997.886655784752 5018.732548071119
1494888923255 5008.360731471336 4997.80368727802 5018.795644974946
1494888924940 5009.347752169447 4998.9985169346855 5020.644154335776
1494888926714 5008.272119537127 4998.4699856982725 5019.306603853483
1494888929031 5008.078879640842 4997.793295397525 5018.137927831308
1494888931329 5007.868611532933 4998.021132309138 5018.038990335023
1494888933033 5007.728528773537 4997.758607335948 5017.576527617673
1494888934692 5008.315667395687 4998.539555059268 5018.3267844039365
1494888936669 5007.804665874995 4998.019509172625 5017.7322672691025
1494888939135 5007.529218789045 4997.491924635627 5017.49397416896
1494888941218 5007.065167339441 4996.787144124736 5017.147239042981
1494888942806 5007.633715640418 4997.5097206439095 5017.359022224255
1494888944457 5006.918972256039 4997.309548290833 5017.082615796694
1494888946085 5006.463372283009 4996.616397815585 5016.409816448163
1494888947686 5006.299948100323 4996.9139025414825 5015.986757412223
1494888949933 5006.609475215234 4996.845340439436 5016.621605982837
1494888952041 5006.74933523561 4997.259564994006 5016.47121249877
1494888953662 5006.161527256883 4996.708151464914 5015.920772954904
1494888955283 5005.982347739912 4996.600851691956 5016.266874375943
1494888956924 5005.80548982085 4996.234121426115 5015.628721838204
1494888958545 5005.819438630364 4996.355785963498 5015.426631121976
1494888960742 5005.00422459105 4995.427326310372 5014.718983482427
1494888962797 5004.873381872702 4995.480842977324 5014.301542662459
1494888965075 5004.785323283733 4995.573389022731 5014.469347825634
1494888966673 5005.9243077921965 4996.885525717373 5015.22546810133
1494888968302 5005.602370293798 4996.697330573575 5014.873526350845
1494888969893 5005.545627932705 4997.026968517684 5014.657911004564
1494888971574 5005.624013532361 4997.132195715064 5014.976124016073
1494888973849 5005.372230955209 4996.696921200874 5014.976985500974
1494888976074 5006.037354953216 4997.356618590677 5015.548229997258
1494888978239 5007.18155062568 4998.846926436009 5016.380085594762
1494888980411 5007.16954962613 4998.805307953545 5016.666030922325
1494888982488 5005.960229469192 4997.516770059091 5015.109828009828
1494888984777 5005.599509622798 4997.049184980337 5014.639556976102
1494888987198 5005.619793212889 4997.0807438545935 5014.722576823398
1494888989592 5005.198854789827 4997.1214524875 5014.098093912764
1494888991686 5004.881681296854 4996.92629278889 5013.738150301605
1494888993976 5004.689579462207 5004.689579462207 5004.689579462207
