1494881646438 4982.7375613922695 4910.889144050105 5066.289796782387
1494881651710 4995.000533845825 4936.855091103966 5057.4837992376115
1494881653700 5015.192503833291 4964.703878253388 5065.826413407261
1494881656181 5009.554831820608 4966.629576870318 5053.342300459674
1494881658486 5015.545936018451 4980.741981872058 5053.671775223499
1494881661020 5014.932548852109 4981.8922995780595 5051.947015283843
1494881663457 5022.896707258213 4991.688938039505 5057.802805676856
1494881665342 5017.20453531011 4989.765995667565 5050.459627923775
1494881667988 5013.949226133143 4988.355802630049 5043.561783163817
1494881669790 5012.054736887067 4988.097836038285 5041.113741188757
1494881672221 5009.969233463467 4986.2349359812415 5035.9112594047
1494881674328 5005.116717531656 4982.511725738396 5029.672202923333
1494881676113 5005.812115840506 4983.9770196825675 5029.379525758504
1494881678460 5004.9631333452935 4983.2547129391605 5028.718308278637
1494881681139 5004.336993246851 4982.324717081978 5027.068271262273
1494881683030 5003.897884564045 4981.971260786974 5026.303214061519
1494881685177 4997.404285082726 4975.40823313608 5018.635264485756
1494881687387 5001.658964562061 4980.866019995746 5022.229042981156
1494881689176 4999.2301837147015 4978.480085964248 5018.536612322676
1494881691425 4997.742602381334 4977.597745160604 5016.482959759506
1494881693390 4997.273386042697 4978.28833104296 5015.481794324386
1494881695297 4999.832811862622 4981.735339108388 5017.156865223913
1494881697762 4997.080552980826 4979.380430038511 5013.984659813827
1494881699553 4996.532087480245 4979.867313514265 5013.080264760391
1494881701578 4995.520225535005 4980.846458782551 5012.581016949152
1494881704158 4995.458657166839 4979.984072968377 5011.337358358106
1494881706300 4994.667434122004 4979.804189365128 5010.274414628868
1494881708924 4995.12699107673 4981.229350823997 5010.146758277429
1494881710709 4995.545070299201 4981.525988935765 5009.980663779432
1494881712867 4995.21488296993 4981.387017978392 5009.685196537814
1494881714828 4997.735053779057 4983.960594902615 5011.205116308232
1494881717000 4996.368544590911 4982.413425867508 5010.291402032643
1494881719777 4997.8169727621635 4983.793676869733 5011.705468148782
1494881722028 4999.100649711239 4985.730345493562 5013.275574354408
1494881723815 4999.488101442094 4987.022788200886 5013.088644213888
1494881726687 4998.725500205037 4985.515584942722 5012.321509183122
1494881729064 4997.74620254246 4985.4206003265335 5011.784934486257
1494881730834 4997.345970906031 4985.009725869993 5011.486329442065
1494881733562 4998.760804515951 4986.882460532212 5012.537336991572
1494881736380 4998.511010016873 4986.652451543269 5011.872124654523
1494881738372 4998.705909113238 4987.036996113613 5011.6633461730435
1494881740184 5000.083737887406 4988.132653127342 5013.409372229403
1494881743027 4999.150212190658 4987.362799278778 5012.300513442593
1494881745028 4998.976130419832 4987.6857172731525 5011.973919556302
1494881746836 4998.953044874876 4987.9944920202415 5011.573935000305
1494881749522 5001.419843105595 4990.409759208919 5013.656165726378
1494881751737 5001.231042775495 4990.4572095986405 5012.975376596989
1494881753549 5000.36256498097 4989.276556144874 5012.379299322608
1494881755828 5000.611658344262 4989.578448040187 5012.566723532616
1494881757897 4999.991388516313 4989.1995522375355 5011.629878629754
1494881759748 4999.496015685236 4988.230226573938 5011.309265521379
1494881762421 4999.993616126063 4989.062959634014 5011.084598653548
1494881764237 5000.56813487936 4989.593080882493 5011.410883649296
1494881766394 5001.46124290117 4990.199694694142 5012.073186031774
1494881768961 5001.038166634629 4990.003645899275 5011.750433271923
1494881770805 5001.412556331561 4990.361182701295 5011.897044203532
1494881773452 5000.894588348868 4989.977173726202 5011.920951441113
1494881775231 5001.328648133752 4990.271961168799 5012.0308282548895
1494881777290 5001.1752521833105 4990.230014067032 5011.781453191875
1494881779503 5000.91985237425 4990.084533528255 5011.536489726027
1494881781355 5001.240007176251 4990.635282145765 5011.7088286638
1494881783922 5002.388937893385 4991.927750763994 5012.568408647372
1494881785883 5002.37342779217 4991.8178563777365 5012.786458860657
1494881787800 5002.060056384956 4991.254057041739 5012.7373716919965
1494881790392 5003.260357531877 4992.368544630866 5013.3366536330495
1494881792675 5002.898694813641 4992.4617202886175 5013.153585599122
1494881794490 5004.625533150936 4994.079555976566 5014.813876611238
1494881797261 5005.405752156632 4994.812088531256 5015.782759029219
1494881799599 5005.02391250024 4994.783313576979 5015.287807318154
1494881801410 5005.65457372487 4995.257368494669 5015.705053459468
1494881803805 5004.058395111564 4994.044820405593 5014.130369249217
1494881806378 5004.081289005267 4993.953937985315 5013.8630335707785
1494881808248 5003.9422711370635 4994.248305928981 5013.694184737435
1494881810671 5005.284664080921 4995.554527688409 5015.0296988311575
1494881813265 5004.7635516693435 4995.000944206008 5014.506396428142
1494881815144 5005.647647301301 4995.820163516671 5015.07183051685
1494881817841 5005.510980209566 4995.7298072734375 5015.2926899957065
1494881820117 5005.32934648424 4995.886225210113 5014.926914984972
1494881822015 5004.601481823211 4995.293841609007 5014.241148561615
1494881824611 5005.247678911251 4996.253636004822 5014.936488876839
1494881827577 5005.296798211048 4996.235687450966 5015.328441970944
1494881829828 5005.554282614314 4996.325908347881 5015.313059496083
1494881831687 5005.700634548394 4996.821407958136 5015.130510473288
1494881834138 5005.432591924957 4996.714733255486 5014.706043200147
1494881836460 5005.720688837677 4997.031585888137 5015.170051076258
1494881838256 5004.939614444862 4996.417508213991 5014.572922366363
1494881840829 5005.07358908861 4996.274010543268 5014.364040920496
1494881843626 5005.040332587937 4996.507702320619 5014.623860490315
1494881845492 5005.05530448006 4996.905352574827 5014.489085431001
1494881847669 5004.6035757612 4996.385258180298 5013.6996926360725
1494881850635 5004.629107941112 4996.332654798395 5013.98668361229
1494881852775 5004.512529660899 4995.759478352084 5013.596574213734
1494881854605 5004.178417803977 4995.56103260336 5013.372367836517
1494881857435 5004.123049486341 4995.779596276162 5013.151566499545
1494881859924 5004.116375130818 4995.5128488568125 5013.152952954243
1494881861722 5004.302449755452 4995.788091490149 5012.936804884264
1494881863956 5004.318145703851 4996.36021710862 5012.805290369325
1494881866768 5004.109049125287 4996.216296777114 5012.755828894671
1494881869082 5004.7300746885485 4996.967429780147 5013.525605703411
1494881870795 5004.689579462207 5004.689579462207 5004.689579462207
