1494879808082 4993.855403673644 4900.279169342753 5071.854479983054
1494879813566 4997.325857097084 4937.73569658442 5053.171182795699
1494879815414 4988.070684329917 4941.547993605735 5033.563210585953
1494879817656 4988.9496982965775 4949.384942484871 5028.006580343876
1494879819444 4986.986330044 4952.4089727463315 5023.342448427756
1494879821953 5001.258161872601 4968.193843963098 5032.22067994069
1494879824737 5001.964608007518 4969.3034461805555 5033.387779697624
1494879826813 5000.967668901529 4970.354395663583 5030.475958484732
1494879828719 5000.3040239214015 4972.437501058874 5028.6562004426305
1494879831495 4996.7220632208455 4968.187697261115 5021.534720006805
1494879834525 4996.0263861597605 4971.0071831411615 5018.099004610226
1494879836343 4992.657108073473 4967.473524242213 5013.108579960129
1494879838880 4991.219330958239 4967.412070899238 5011.198781349347
1494879841657 4984.166705112432 4962.857552883598 5002.738415173867
1494879843638 4988.793894825424 4968.9080654911195 5007.14395894069
1494879845458 4986.482337412135 4966.833373628278 5004.7265268703895
1494879848187 4988.8123662413445 4971.894435759565 5006.4624272130095
1494879850400 4989.029724857644 4971.707361760994 5007.129037766578
1494879852177 4989.494726612559 4972.695015079707 5007.3869864034505
1494879854845 4986.848494233233 4971.159572853426 5004.355053655558
1494879856993 4986.219284756217 4970.553882084308 5002.479282788404
1494879858899 4990.053820556851 4973.936776943814 5006.331353971191
1494879861672 4993.970818275794 4978.30294057028 5009.915388793893
1494879863803 4992.660944801839 4978.036407684749 5009.50791742249
1494879865607 4993.462678661438 4978.57496002531 5009.477200952493
1494879868186 4992.550469884664 4977.130649145995 5009.006257595739
1494879870855 4992.42863885964 4977.515752690003 5008.043025207242
1494879872574 4991.678188734374 4977.605508960627 5006.178201896325
1494879874719 4991.875000800935 4977.13766618491 5006.682203798219
1494879877386 4994.6086911019365 4980.443269169818 5008.483824252749
1494879879242 4994.0629128818055 4980.573084354255 5007.681368283664
1494879881104 4993.193890257004 4979.541677254044 5007.043172732278
1494879884105 4992.905627936779 4978.8962823780885 5006.718816104461
1494879886805 4992.305086266184 4978.60674169174 5006.239888732265
1494879888593 4992.667534525696 4979.334738339095 5005.968178205542
1494879891159 4992.302832123024 4979.283470091337 5004.988234148453
1494879894151 4995.5532336608285 4983.4255019677175 5008.108001117938
1494879895941 4995.300999572833 4983.226070996212 5008.512719004492
1494879897916 4995.603323366083 4983.258759071364 5008.373712574722
1494879900831 4998.676843294596 4986.602936281943 5010.839831401475
1494879903088 4997.735713812775 4986.667486160373 5009.867778782843
1494879904965 4997.684414893731 4986.2334902653965 5009.710012336649
1494879907586 4997.599403669823 4986.238229787018 5009.198485160523
1494879909353 4997.254527979496 4986.087484571185 5008.584304830267
1494879911508 4997.486311405382 4985.929373733413 5009.002685985789
1494879914120 4997.680458434607 4986.230658636098 5008.871817074484
1494879915973 4997.709794063247 4986.275572102301 5009.290140686761
1494879917914 4997.630958432472 4986.330100655599 5009.027144103913
1494879920583 4997.109879923622 4985.314726270177 5008.799971645128
1494879922880 4997.609480523364 4986.272515748744 5009.313966270863
1494879924697 4998.75608979904 4987.518405912646 5009.935955049273
1494879927288 4999.538911540507 4988.774682702717 5010.726852906141
1494879930042 4999.399512604576 4988.856619805213 5010.396104562407
1494879931893 5000.626879793594 4989.81552720363 5011.303320188378
1494879934137 5001.422425411309 4990.67164355741 5012.684443380054
1494879936936 5001.461047712414 4990.846455087066 5012.537821461834
1494879939600 5001.123246212631 4990.676602722878 5012.1850142858675
1494879941419 5001.028088483743 4990.867120820609 5012.096150150264
1494879944030 5001.513473913981 4991.150447728068 5013.1075934050905
1494879946824 5001.929498228325 4991.747198181097 5013.042566706358
1494879949245 5002.106185164064 4991.500736600733 5013.312714041096
1494879951004 5001.0889514928485 4990.691667695662 5012.482912267286
1494879953489 5000.771488680051 4990.518374498828 5012.032868016329
1494879956028 5000.979641178983 4991.144385446537 5012.0652643318645
1494879957804 5002.060401537804 4992.07384838155 5012.741473933882
1494879960433 5001.813695002136 4991.361965239202 5012.879131676514
1494879962335 5000.201225542021 4989.773588488975 5010.79245424402
1494879964089 5000.372598520721 4989.797686442794 5010.943157042951
1494879966647 5001.129361107729 4990.804073404135 5011.113980273491
1494879968825 5001.351374730084 4991.238515608409 5011.43548468159
1494879970548 5001.912413685575 4991.687825246754 5012.062559584684
1494879973069 5002.132596897486 4992.10485857889 5012.16229171422
1494879975159 5002.206703516858 4991.949472069441 5012.141693658324
1494879976847 5002.302288328542 4992.658274955278 5012.329889356397
1494879978749 5002.038709622301 4992.736758838905 5011.783204195205
1494879981414 5002.3573877143035 4992.868702208209 5011.859460473394
1494879983340 5003.058466092699 4993.421613930771 5011.9076111890245
1494879985035 5002.430817401853 4993.017027461863 5011.532854901669
1494879986746 5003.130727483592 4993.979301526412 5012.7041357575135
1494879989458 5002.578532907594 4992.973465491099 5012.046699022055
1494879992210 5002.3499293046225 4993.0359553766 5011.543631295127
1494879994739 5002.571308355724 4993.254066385891 5011.622717090235
1494879997572 5002.266995724104 4993.010132180153 5011.437648798176
1494879999715 5002.836180732798 4993.736354725547 5012.344462237611
1494880001369 5003.062026249186 4993.922527703292 5012.241817688873
1494880003025 5002.8852831558825 4993.987524609699 5011.849374346628
1494880004719 5002.25158584042 4993.320997510313 5010.942022804717
1494880006505 5001.933347714467 4992.824129277858 5010.522159700916
1494880008721 5002.547055041894 4993.074331521798 5011.0997410033015
1494880011127 5002.426546377991 4993.387257217423 5010.906385894172
1494880013706 5002.734892899935 4993.67350178481 5011.356474228922
1494880016177 5002.720975978574 4993.622125944278 5011.301502139034
1494880018298 5002.560101493354 4993.959020309091 5011.177475912178
1494880020247 5003.3101356662 4994.629770821854 5011.940629249468
1494880022303 5003.183948159793 4994.712960868582 5011.984397628626
1494880024579 5003.22238572945 4994.77599103112 5011.977435951726
1494880026786 5003.692436497377 4995.265847244996 5012.399659961168
1494880028826 5003.6669606949035 4995.315513368165 5012.6771902182545
1494880030920 5004.678108113881 4996.462688194339 5013.3342091890745
1494880033099 5004.689579462207 5004.689579462207 5004.689579462207
