1494878459109 5022.086715079026 4933.769345874305 5102.531603181247
1494878466029 5022.098996155489 4965.972696605524 5077.058057630737
1494878468130 5054.187330989435 5010.662831808034 5101.686399952072
1494878470460 5060.682490521706 5021.352108930376 5101.114219360287
1494878472493 5051.089196462899 5016.877817622951 5085.698740072352
1494878474825 5043.7595982767425 5010.918200083465 5076.847853403141
1494878477261 5045.450561209778 5014.5212176165805 5076.154555856155
1494878479296 5040.552701836822 5012.551835990546 5071.408655846858
1494878481418 5036.705965399402 5009.572805464041 5065.245181869874
1494878483443 5032.253652285348 5007.0256578947365 5056.154209704669
1494878485420 5028.209197174766 5004.6926100679675 5050.8487995895675
1494878487382 5023.685140965399 5000.2033276135 5044.74016221985
1494878489331 5016.983981204613 4994.901416231952 5037.390930217951
1494878491307 5015.5863947031185 4995.407721064105 5035.656975712777
1494878493311 5016.54405539442 4995.983981363218 5036.717244182067
1494878495221 5019.95780062622 5000.856952621998 5040.162958425292
1494878497226 5018.307000138828 4999.3189751622285 5037.506679893467
1494878499212 5015.600491243059 4997.188344239921 5034.7613823319225
1494878501114 5014.829412593925 4995.349713265119 5033.725575487282
1494878503015 5014.331047960785 4994.990461912832 5032.9097149224235
1494878504929 5012.657495274405 4994.5302245735265 5030.696889807875
1494878506860 5011.882267004133 4994.738317857658 5028.890395925192
1494878508901 5009.631371543908 4991.969650718983 5025.541195584487
1494878511387 5011.423979324854 4994.550590718386 5028.034337272301
1494878513544 5011.205298635614 4995.028725237962 5028.063231104264
1494878515932 5009.011864689147 4993.925071978602 5025.669823074464
1494878518398 5007.035032336885 4992.198579363384 5023.414019939508
1494878520599 5007.240563780981 4992.489901599924 5023.318412551915
1494878522901 5007.478344539466 4992.288386782237 5023.509792621736
1494878525159 5007.075095099671 4992.667977878677 5022.73680464122
1494878527426 5006.578558415013 4992.2981375979825 5022.118924296959
1494878529625 5005.506112824543 4991.386383294983 5021.619713365096
1494878532290 5005.009329426138 4990.638570379932 5020.526315789473
1494878534484 5001.717370781717 4988.060834926705 5017.411883002159
1494878536802 5001.535672637025 4987.301671770131 5016.262804833801
1494878539455 5003.317685528896 4989.642997074004 5017.761568123393
1494878541544 5003.935515012751 4990.5464986114075 5018.215073639274
1494878543803 5003.155345342395 4989.732712807773 5016.92096897389
1494878545924 5002.0340620027555 4988.830179557 5014.559216940295
1494878548236 5002.27850407407 4989.378604998932 5015.7163009965925
1494878550643 5001.688939009491 4989.6642905272065 5015.0963550139295
1494878552882 5000.922501730015 4988.706706891951 5013.3917555093985
1494878554924 5001.064392596421 4988.582891397071 5013.756072477757
1494878557227 5001.6406859373865 4988.8462301673835 5014.090771208226
1494878559581 5001.361990824591 4988.607069623783 5014.031585868067
1494878561668 5000.974880714899 4988.351613099624 5013.747894149448
1494878563961 5000.197135448926 4987.827784271664 5012.582852753837
1494878566118 5000.266607006318 4988.321014162202 5012.2086616862325
1494878568503 5000.449678133129 4988.427331249487 5012.3259758984295
1494878570776 5001.902389119319 4990.11452558078 5013.648629223155
1494878573147 5002.648903156082 4991.083082228615 5015.085418740532
1494878575313 5002.0474533699835 4990.459103883201 5014.916518806919
1494878577687 5001.739074810927 4990.24241815121 5013.799164682969
1494878579785 5001.733803638134 4990.6349331754645 5013.746039072564
1494878581926 5003.020772863285 4992.009205877879 5014.830514310308
1494878584039 5002.363467440683 4991.5159957565575 5014.146309643968
1494878586265 5001.664144278065 4991.171924904403 5013.523398988989
1494878588658 5002.493897985075 4991.676804482209 5014.210452545595
1494878591191 5002.348799460066 4991.987732516362 5013.819624302276
1494878593531 5001.2813425743 4990.673224676118 5012.59223658279
1494878595816 5001.149829988637 4990.840991504573 5012.6431941399305
1494878598163 5000.843775362876 4990.488291460311 5012.102477101058
1494878600446 5000.850208456143 4990.656144620645 5012.176908144434
1494878602608 5001.9912175034815 4991.857727854706 5012.936111894113
1494878604695 5002.712452264397 4992.489293566273 5013.455262512398
1494878607178 5003.545792005194 4993.322129287482 5014.153517256701
1494878609209 5003.245095631187 4993.354480018125 5014.206115261472
1494878611742 5003.571427045846 4993.539955699076 5014.187822432247
1494878613744 5003.760645443769 4993.461779571035 5014.55649569611
1494878616045 5003.999974370201 4993.57228710979 5014.680719218297
1494878618150 5003.929934537222 4994.063131850991 5014.175645491587
1494878620266 5003.791277325104 4993.671128752918 5013.9277429434
1494878622498 5003.655695688854 4993.667522494986 5013.601116436178
1494878624749 5003.228810029795 4993.696924588279 5013.063967689823
1494878626856 5003.287510812572 4993.774560129826 5013.066417750311
1494878629095 5004.172783289371 4994.722219256532 5013.850465697882
1494878631402 5004.514793733514 4995.146349543427 5014.172254886382
1494878633547 5004.222268023622 4994.5845678488 5013.870536997886
1494878635802 5003.508553927118 4994.150584278568 5013.178416333217
1494878637470 5002.860591278198 4993.439769501837 5012.406293458694
1494878639130 5002.675292499455 4993.727846158502 5012.152881077564
1494878640852 5002.320593241878 4993.275458680442 5011.639260042283
1494878642513 5002.217702853653 4993.59485315078 5011.722147378442
1494878644688 5002.278929450159 4993.646083732395 5011.815312847094
1494878646914 5002.228848655194 4993.413507578598 5011.368021141658
1494878649094 5002.680826297657 4993.683290664667 5012.222045358107
1494878651236 5002.415823736459 4993.434026863313 5011.763261206576
1494878653527 5002.238635902496 4993.438620653925 5011.17001178553
1494878655689 5002.116100357321 4993.546666580317 5011.264913992117
1494878657873 5002.687836790138 4994.23315316831 5011.876626396589
1494878660069 5003.894467617955 4995.539334818021 5013.451284020135
1494878662224 5004.044542264426 4995.301161611409 5013.272927603725
1494878664592 5004.606398451967 4996.307805188924 5013.566389630626
1494878667252 5005.662135204866 4997.564200790619 5014.679889889049
1494878669347 5005.420438308533 4997.221216938556 5014.2231433686875
1494878671545 5005.195833066359 4996.792895872854 5014.061218506367
1494878673577 5005.723957788262 4997.8350178163055 5014.6188294419435
1494878675949 5006.116249118985 4998.1401619452345 5014.674322060644
1494878678191 5004.966534247453 4996.913570687044 5013.451393182299
1494878680524 5004.689579462207 5004.689579462207 5004.689579462207
