1494887839372 5006.171080734729 4923.462516156829 5090.492274678111
1494887846757 4971.370568133277 4914.914804469274 5032.094369464361
1494887850182 5015.535855012355 4969.319331578844 5065.970778119688
1494887853934 5019.289337391211 4983.255836162988 5062.892811569545
1494887857170 5014.231087950109 4978.986811316741 5054.400852700217
1494887859760 5013.14720769901 4982.73105530127 5046.7839530223755
1494887863084 5009.520270039383 4981.8203187671525 5041.258613487429
1494887866679 5006.9622861926755 4981.964751587598 5036.035121193464
1494887870170 5003.093827149947 4979.408179838885 5031.98057402415
1494887873729 5003.48930035879 4980.531348718849 5030.421938117748
1494887876728 5005.583605275972 4983.671626784215 5031.280115074208
1494887879248 5006.832156212826 4986.487974221194 5032.101768384867
1494887882675 5006.150323126273 4984.6445365969785 5029.999057690743
1494887886239 5001.340906566887 4979.11530446002 5023.8377439685555
1494887889663 4994.07993789324 4973.46010074602 5016.174973287079
1494887892646 4993.331876768648 4974.049776179948 5014.644125719879
1494887895150 5000.6913076629 4982.837723444669 5021.229072264543
1494887898451 5004.686298631401 4988.033222540341 5023.720325473846
1494887901945 5007.033138622214 4990.517019000472 5024.885512678602
1494887905440 5004.654916492247 4987.625457252233 5021.654573438875
1494887908736 5004.604996807049 4987.659421050422 5021.697235544954
1494887911262 5003.900328479469 4987.056781969324 5021.644586520885
1494887914721 5003.789238750409 4986.732497345422 5021.144716397157
1494887918361 5002.365395458506 4985.755903126 5019.66229341287
1494887922015 5003.283484545595 4987.572054078968 5019.1929751926455
1494887925663 5001.721980286834 4985.57752073113 5017.821684083182
1494887928209 5001.391139521672 4984.750542898547 5016.8308550379725
1494887931208 5002.75345406083 4986.147192924992 5018.513076798182
1494887934858 5004.918018781889 4988.711253941827 5021.405986039018
1494887938280 5005.351248141883 4989.981414308834 5020.573430804134
1494887941517 5006.6106528666505 4991.493934861173 5022.21046481624
1494887944180 5004.966780005639 4990.168275211621 5019.785027960188
1494887947576 5004.126865607887 4989.789994371014 5018.507424905416
1494887951517 5003.98536343657 4989.3656743124675 5018.269187464425
1494887955036 5004.232333285634 4990.0842555061145 5018.053803647846
1494887958640 5003.721747246434 4990.080065116081 5017.346203071221
1494887962392 5002.908244751854 4989.352022755061 5016.624023133203
1494887965319 5001.457678630543 4987.349932891921 5015.497644341226
1494887967941 5001.215761989684 4987.6943341462065 5014.700849902954
1494887971548 5000.784522988272 4987.848818061089 5014.377296210036
1494887974936 5001.167802536003 4988.45272834805 5014.471715635359
1494887977535 5000.946550310114 4988.114298593 5014.348388026002
1494887980779 5000.435307635792 4987.72914055369 5014.020656990986
1494887984584 4999.741743608144 4986.976374457311 5013.175958242933
1494887988056 5001.369912838815 4988.183522439425 5014.121918480726
1494887991423 5002.400443815101 4989.327811384163 5015.548523987926
1494887993972 5002.226367542908 4989.769912483566 5015.324500035629
1494887997317 5002.084592022417 4990.214654370082 5015.483220410756
1494888001149 5001.627987441532 4990.143729942567 5015.036580213846
1494888004812 5002.035509707182 4990.697805129971 5015.457720970721
1494888008024 5002.280520024177 4990.829195681339 5015.806515638328
1494888010653 5002.076664481033 4991.310088407139 5015.619509064452
1494888013851 5002.275626910205 4990.626773637734 5015.254678860059
1494888017370 5002.34735834912 4991.373949606777 5015.3500360382
1494888020850 5003.338162363042 4992.208259296525 5016.447379674661
1494888024248 5002.972382168761 4992.081908018976 5014.927080431218
1494888026804 5002.872685877338 4992.174939887343 5014.923385560025
1494888029814 5003.025514083364 4992.575483810823 5015.336494061919
1494888033648 5003.008667032598 4992.212890220671 5015.263291112429
1494888037364 5002.856566804283 4992.66376930377 5014.7744176748065
1494888041310 5003.730169815874 4993.517817962038 5015.951130140692
1494888044922 5004.609980094487 4994.28728151848 5016.788035844235
1494888047774 5004.640141046615 4994.67066903802 5016.524805985526
1494888050427 5004.470727060703 4994.054095073599 5015.982675921939
1494888054086 5005.235666245918 4994.698090661514 5017.125769687446
1494888057832 5004.643431515144 4994.540708665064 5016.023394978391
1494888061501 5004.391691388321 4994.632407141287 5015.427788108218
1494888064806 5004.115923735565 4994.5642080834095 5014.866663979139
1494888067395 5003.682273590326 4994.285801509406 5014.058188754347
1494888070996 5003.057414285439 4993.650490803677 5013.541030328876
1494888074639 5003.083289371672 4993.365929135726 5013.438224261967
1494888077884 5003.121223123762 4994.095832890401 5012.938398815828
1494888080461 5004.05495183785 4994.772749596576 5013.777225366266
1494888083574 5004.961246022084 4995.444257020052 5015.086337678788
1494888087105 5005.188154887764 4995.619118590917 5014.85143431375
1494888090874 5005.51456928607 4996.160871408313 5015.886113368816
1494888093450 5005.107801824392 4995.524943840553 5015.77888967544
1494888096150 5005.160058178898 4995.701075554607 5015.728969536799
1494888099858 5006.518127510887 4997.701417183723 5016.731608216231
1494888103605 5006.229098054292 4997.301298912544 5016.348173155315
1494888107056 5006.670149441809 4997.098421259305 5016.906258312679
1494888109650 5007.56552095325 4998.279130888887 5017.3743397357675
1494888112478 5008.363775578855 4999.08805671841 5018.125126948594
1494888116230 5008.92452088704 4999.610321980905 5018.861443626964
1494888119711 5008.482496064792 4999.411849209888 5018.248997730511
1494888123284 5008.123696896044 4999.1882392940215 5017.718004961208
1494888126241 5008.114299139275 4999.245931941521 5017.670194392466
1494888128776 5007.472422630871 4999.230192746533 5017.116210517348
1494888131433 5007.19457039668 4998.521639958771 5016.475461751472
1494888135103 5006.910563826993 4997.991522640676 5016.120734225165
1494888138469 5006.537651908332 4997.673342048591 5015.840470685595
1494888140998 5006.372036052198 4998.135389634143 5015.67585010527
1494888143556 5005.920490805408 4997.0343115893975 5015.022532502468
1494888146884 5006.135076141048 4997.971290115726 5015.055539029479
1494888150641 5006.020862478082 4997.6599650970375 5014.916804562532
1494888154166 5005.96501127704 4997.526070705397 5015.182396381831
1494888157845 5005.851796953924 4997.637639665985 5014.519710037337
1494888161352 5005.338002900414 4997.607099088896 5014.197713211275
1494888164616 5004.206725614575 4996.29710953336 5013.1521934403145
1494888167105 5004.689579462207 5004.689579462207 5004.689579462207
