1494888602636 4960.058735583084 4872.762884317629 5033.682051282051
1494888608921 5008.279017618794 4955.466124661247 5059.2916043580435
1494888610993 4996.230222987273 4951.6717908185365 5043.336739130435
1494888612964 5023.132087560064 4985.431857265692 5065.07145187602
1494888615054 5019.9581002007435 4986.209341825902 5055.946321560627
1494888617123 5014.5989309495035 4983.166479992281 5049.286572087866
1494888619591 5010.213833442601 4977.880336798336 5041.315232940392
1494888621809 5008.312850355026 4974.581132075472 5036.781354581673
1494888624085 5015.309674415824 4983.562951371914 5042.168979712416
1494888626318 5025.027805065562 4997.3555364067215 5051.454949266211
1494888628419 5020.861908280549 4993.711666115246 5046.832598820999
1494888630392 5016.309040042712 4990.344015435738 5040.047755991285
1494888632739 5024.161445675063 4999.588475491255 5047.745270921547
1494888635202 5018.702354765271 4995.055326807541 5040.934962667037
1494888637326 5013.218761746113 4989.97260418916 5033.562473013251
1494888639444 5012.236630168056 4990.403291956154 5031.993483587443
1494888641672 5013.2691840313 4992.3077032637875 5033.2882496754655
1494888644364 5011.575753239764 4990.700508004269 5031.226174816097
1494888646611 5011.336388021578 4991.514151708362 5031.057846818754
1494888648867 5009.879474201264 4990.8148239034645 5029.088045107266
1494888651292 5008.349283911173 4991.3511781187235 5026.687396243817
1494888653562 5006.588322982428 4989.748531290717 5024.486775798393
1494888655819 5008.097538837419 4992.501218593149 5025.579869328174
1494888658003 5007.964534750861 4992.193685187313 5024.310145261702
1494888660293 5010.849860752789 4995.70369717275 5026.77619926038
1494888662705 5006.302579928668 4991.3131887144855 5021.953914664457
1494888664972 5007.038246242757 4992.191794097943 5022.6994186307375
1494888667279 5006.391077500043 4991.573437843538 5022.627221027884
1494888669790 5005.259306244314 4991.111623786653 5021.161867528121
1494888672315 5004.226321083734 4990.230518775314 5019.773457692609
1494888674405 5004.911488322028 4990.282712631295 5020.314370937415
1494888676840 5004.618933816855 4990.39968327498 5018.925550017059
1494888679325 5003.134102898149 4989.65079199099 5016.696039754834
1494888681731 5002.20347095118 4989.264283746527 5015.954220658086
1494888683960 5003.645115200287 4990.574982319584 5017.131390865696
1494888686275 5002.2056246222455 4989.171463738753 5015.21540074019
1494888688593 5001.5971030959545 4989.796334135525 5014.734446710594
1494888691023 5002.100230018602 4989.710094894875 5014.783082959783
1494888693626 5002.4677792419425 4990.047999323495 5015.053004310054
1494888695937 5002.7292929422365 4990.340258500311 5016.030351149681
1494888698289 5003.868737198887 4992.237734580817 5016.629262246861
1494888700420 5005.499610226794 4993.649706495507 5018.412750085214
1494888703053 5005.046454658067 4993.73153964629 5018.164343920784
1494888705628 5004.740004698646 4993.390420848001 5017.729223094135
1494888707980 5005.882600059801 4994.812050615023 5019.46395718202
1494888710525 5006.240891548613 4994.731503349113 5018.977371407466
1494888712945 5006.136325095735 4995.064666031294 5018.313494598273
1494888715450 5005.787242267491 4993.86383030808 5017.940389905252
1494888717828 5006.8438633286205 4995.375099826389 5018.9114069568295
1494888719624 5006.146025372688 4995.534683653638 5017.961946645964
1494888721371 5005.588451130774 4994.7720635359055 5017.822365025401
1494888723359 5005.493247788952 4995.277027174363 5017.059935965848
1494888725680 5005.541856749876 4995.604180661641 5017.60860832444
1494888727628 5004.877442793253 4994.843832865472 5016.238770531511
1494888729318 5004.652607568334 4994.953467864364 5015.661839772523
1494888731049 5004.677049383402 4994.7347204021335 5015.53684408228
1494888733314 5003.521214748875 4993.589970315987 5014.504610333014
1494888735627 5002.8130739921235 4992.950025193148 5013.985666165902
1494888738003 5002.689267636317 4992.618561995598 5013.371035760687
1494888740168 5003.457892825869 4993.394815585767 5013.997481010193
1494888741906 5004.321001945712 4994.1687969437835 5014.503883075215
1494888743574 5004.454884463989 4994.587448126157 5014.515419263255
1494888745622 5004.2873631220245 4994.368526318063 5014.422880787948
1494888747826 5004.404261771986 4994.425068143658 5014.355640844657
1494888749899 5004.675192061664 4994.388632547591 5014.693683662829
1494888751551 5005.415733144813 4995.033043632956 5014.8912711023895
1494888753211 5004.736169667457 4994.421412544075 5014.536788394452
1494888755032 5003.9904594092395 4993.899806481566 5014.120683035867
1494888757470 5004.036118331265 4993.847022569445 5013.910241567932
1494888759874 5003.85689571582 4993.66123823504 5013.652930619693
1494888761799 5003.787969526559 4993.765857926296 5013.649435997194
1494888763495 5003.378126007829 4993.316963389689 5013.166144834725
1494888766175 5004.2306491331865 4994.741404079861 5014.30652238166
1494888767918 5004.056066841945 4994.637708333334 5013.952944197742
1494888769753 5004.353841980825 4994.762459113449 5014.2083315299715
1494888772186 5004.885593337989 4995.499651959277 5014.70878729188
1494888773963 5004.741375075554 4995.320675433818 5014.907060822032
1494888775869 5004.656319413594 4995.224962483807 5014.558924475222
1494888778407 5005.490237244985 4995.7931109049 5015.6216061526675
1494888781163 5005.4366883949015 4995.735899222571 5015.516380563559
1494888784113 5005.165102187708 4995.715427374219 5014.915329385672
1494888785911 5005.14505336315 4995.507878958696 5014.920891799783
1494888788241 5005.194226058133 4995.784469349165 5014.690400628707
1494888790688 5005.208894337559 4995.58989038414 5014.389059808023
1494888793422 5005.216395277313 4995.739028715898 5014.225780149413
1494888795161 5004.959846991408 4995.778203803203 5013.877693364004
1494888796945 5005.357516926166 4996.4784264152 5014.419204958353
1494888799603 5005.206593195361 4996.402866345302 5014.248429849187
1494888802405 5005.968787509878 4997.413434992667 5015.204166039035
1494888805552 5005.506670083937 4996.776766625469 5013.971517720729
1494888808170 5005.389742614943 4997.484164060672 5013.600192143933
1494888810217 5005.264322129648 4997.079531851218 5013.7326011484965
1494888811933 5005.076743505571 4997.003292430567 5013.596371099806
1494888814141 5005.210820381496 4997.4022593131585 5013.593840476867
1494888816770 5005.933027771785 4998.1427053348325 5014.339502434326
1494888819134 5005.724065534836 4997.695388076012 5014.50444699305
1494888820922 5004.565703423677 4996.778782363021 5012.953740872665
1494888823128 5004.331812648171 4996.449859056951 5012.8390659981915
1494888826020 5004.429332991606 4996.430053430137 5012.824038649866
1494888827816 5004.689579462207 5004.689579462207 5004.689579462207
