1497896062365 4986.152902977742 4966.161709738354 5014.366404847397
1497896063316 4980.572560239999 4965.535424728724 4998.150847185846
1497896064273 4993.7157637930895 4982.048403442145 5009.533998577403
1497896065286 4990.970989041491 4983.07522891667 5004.898892202812
1497896066434 4995.122838109066 4986.170577736357 5009.878017570504
1497896067230 4991.523018436869 4983.232641679393 5002.560222361479
1497896068026 4994.9099499656795 4987.103811668666 5005.37644524736
1497896069033 4995.975566752781 4987.540378084976 5007.187096415554
1497896069810 4996.451746557062 4989.1491547112155 5005.00037941038
1497896070630 4995.440147836893 4988.522052413749 5004.05186689344
1497896071677 4994.26046112007 4988.567320652594 5001.822858106624
1497896072938 4993.7810721574115 4987.066253744503 5002.011351532103
1497896074188 4994.737245401832 4988.689789724596 5002.400093449202
1497896075243 4994.948439618633 4988.945747429941 5001.58615802793
1497896076188 4996.441591002272 4991.25350515056 5002.301747218436
1497896077455 4995.3484633775715 4989.522387585596 5001.205319713307
1497896078339 4994.76452509141 4988.812453435766 5000.187500206137
1497896079293 4994.891563923801 4988.605050164404 4999.675316485937
1497896080863 4994.729634191708 4989.20366679881 4999.721006896558
1497896082142 4994.873071855226 4989.3716847931755 4999.900567856803
1497896083491 4995.41794836859 4990.079272125683 5000.385576352286
1497896084498 4994.972885367239 4990.499907551839 4999.7910380001285
1497896086063 4994.349196216878 4989.575433576096 4998.619724008272
1497896087183 4993.940139617062 4989.605429295178 4998.361823547648
1497896088578 4994.996262699347 4990.424556882989 4998.80449435435
1497896089928 4995.208837422067 4990.4445854335645 4999.731376330372
1497896091124 4995.819151723792 4991.074570222387 4999.992690935903
1497896092798 4996.557622577886 4992.214890058918 5001.053339727222
1497896094374 4996.0930486143825 4991.858343301305 5000.418056433077
1497896095634 4996.3899767134735 4991.921630909919 5000.805746911598
1497896097110 4996.884370429788 4992.033590771739 5001.564197824993
1497896098377 4996.662907392082 4991.72685807104 5000.94207349237
1497896099875 4996.709608741114 4991.831068227126 5000.5713140653825
1497896101803 4996.157324365202 4991.760055158806 5000.6681560026045
1497896103125 4995.659511973633 4991.864654346551 4999.481345727467
1497896104686 4995.894827081003 4992.360819288351 4999.911401820091
1497896106481 4995.625350787344 4992.049294131745 4999.460140957619
1497896107903 4995.571649129612 4991.931050357167 4999.303955148966
1497896110187 4995.811629361229 4992.353832930439 4999.41667695753
1497896111692 4995.809254031169 4992.098323734509 4999.463697075992
1497896114077 4995.361461440532 4991.7568058473535 4999.208574324264
1497896115553 4995.385792122853 4992.347646214284 4999.148139715232
1497896117413 4995.630498501157 4992.1661916716885 4999.427332213253
1497896119113 4995.502455952708 4991.751928091858 4999.2696994475455
1497896121246 4995.632174572325 4992.042277026263 4999.2346183912605
1497896123363 4995.931182930272 4992.314544052728 4999.250967048793
1497896124777 4996.251390795633 4992.786846327759 4999.595440738522
1497896126837 4996.738255089459 4993.291883625933 5000.085596282532
1497896128598 4997.0654210617595 4993.523173095983 5000.2702060812535
1497896130995 4997.183480944151 4993.725180964537 5000.499983895281
1497896132611 4996.950307369937 4993.431458022344 5000.353870309431
1497896134319 4996.837859772577 4993.587707778433 5000.0608738544
1497896136191 4996.503284553054 4993.18581366509 4999.675646598615
1497896138304 4996.4078780807495 4993.051244948893 4999.411756398125
1497896140478 4996.520828745931 4992.638741682173 4999.528659639921
1497896141923 4996.649613575951 4993.044742605795 4999.517086962061
1497896144203 4996.757153718994 4993.217807775905 4999.64843073678
1497896145892 4996.9729580341755 4993.829284991302 4999.9265576085545
1497896148445 4997.325476589202 4994.134878614203 5000.537786135062
1497896150556 4997.579224374484 4994.29816639695 5000.803711259176
1497896151945 4997.454762540901 4994.08048530821 5000.495449853608
1497896153782 4997.040710059121 4993.792788117066 5000.128577440452
1497896155360 4996.599796038665 4993.356054267523 4999.718669377461
1497896157989 4996.401836456528 4993.094459451579 4999.581321538772
1497896160192 4996.991309722433 4993.434437482764 5000.043753750435
1497896161513 4996.933807307335 4993.6090982299565 4999.8876533669945
1497896163621 4997.0384316218015 4993.757550081629 5000.008479093606
1497896165393 4996.989205405691 4993.965448564747 4999.815645046133
1497896167655 4996.887309892935 4994.267409125223 4999.8699258403885
1497896169790 4996.923041486367 4994.125277240502 4999.680141642086
1497896171441 4997.217674771845 4994.421443948157 5000.070889980481
1497896173660 4997.301544010515 4994.420453486847 5000.090346984874
1497896174923 4997.141544214226 4994.4237311637 4999.906786984405
1497896176320 4997.29937179882 4994.362225391113 4999.796941050549
1497896178130 4997.273415191624 4994.367207856791 4999.69390917022
1497896179166 4997.381971950948 4994.697009390318 4999.7050295067165
1497896180278 4997.302496698683 4994.497514651891 4999.685145378053
1497896181729 4997.23227224023 4994.364155709501 4999.785585940259
1497896182845 4997.252177868808 4994.407386769118 4999.846369471121
1497896184180 4997.3865205110815 4994.672982109082 4999.881382047668
1497896185758 4997.231716568529 4994.780809475757 4999.729446489612
1497896187141 4997.104859612523 4994.633584818351 4999.644835066655
1497896188351 4997.054835140896 4994.618463106426 4999.552301238367
1497896189569 4997.07646456289 4994.374755664355 4999.48191686244
1497896190805 4997.304812798819 4994.678471480698 4999.778488514656
1497896192007 4997.570732003201 4994.9724994786 5000.033319955659
1497896193698 4997.693132005902 4995.020363673206 5000.092835826283
1497896194873 4997.977844950965 4995.398316642839 5000.230010788472
1497896195923 4997.838598704974 4995.200245683852 5000.177641610051
1497896197187 4997.901668776496 4995.322053022781 5000.28037763609
1497896198724 4997.710511393186 4995.228033815596 4999.909310937746
1497896199833 4997.934088998509 4995.4104649343335 5000.188231598279
1497896200636 4997.588467935245 4995.052024328415 4999.906884382065
1497896201820 4997.600662699469 4995.149772904872 4999.8565256908505
1497896203362 4997.455262076502 4994.989844786774 4999.6497018845075
1497896204270 4997.52925335149 4995.006761291636 4999.757432738389
1497896205505 4997.576598779344 4995.222237687661 4999.830565424117
1497896206534 4997.517473527644 4995.109565824941 4999.85325435403
1497896207855 4997.508650102956 4995.0100142777555 4999.954907778148
1497896209044 4997.575980863287 4997.575980863287 4997.575980863287
