1498491784018 5065.177522349936 4952.302252074279 5177.02344296711
1498491786923 5013.791435875586 4945.198860939725 5095.422357106728
1498491788862 5022.1752057090935 4963.19212962963 5085.790451728399
1498491791325 5017.11104 4961.597083333333 5079.711177052423
1498491794199 5012.012462654716 4964.894596774194 5062.2915163660655
1498491796434 4993.981011307873 4950.695509123843 5040.00076599671
1498491799195 4996.300049085516 4955.949062423898 5038.619659147066
1498491801809 4991.11406316688 4955.0168313606255 5031.365173527389
1498491803916 4989.984613611233 4953.452186204657 5026.761217281467
1498491807009 4979.573990265562 4944.9620894772115 5016.105629824891
1498491809569 4971.423532426488 4939.176850187114 5004.921898082178
1498491811652 4977.122319117861 4946.211188340661 5010.479192085007
1498491814017 4975.407668168136 4944.372431774064 5007.619898037328
1498491817314 4982.972874423053 4954.746781416422 5016.2408625
1498491819705 4980.409067622951 4953.010769230769 5011.829188782364
1498491822273 4979.288358851123 4952.7906869733115 5008.5210974800475
1498491824873 4982.904008844042 4959.761605531938 5008.637307812128
1498491827703 4978.005275558287 4956.8031387898345 5001.884357253485
1498491830115 4978.178433473189 4956.985530400682 5002.895473114489
1498491832637 4976.785028176229 4955.330518512857 5000.983802249261
1498491835064 4975.816533816064 4954.833035714286 4999.875339802068
1498491837880 4977.352141722601 4955.466136449511 5000.33103751587
1498491840990 4977.474133403922 4955.461289733761 4999.01301492904
1498491843350 4979.832033367914 4960.0370977048215 5000.278886103059
1498491846031 4981.319324430479 4961.733259259259 5000.092157831871
1498491848510 4980.399415863906 4961.423471781178 4997.901458350499
1498491851078 4978.6050658422855 4960.084969000566 4997.521885091118
1498491853725 4980.014405531724 4964.891772086592 4996.301690094735
1498491856578 4980.991565107891 4966.552679446428 4997.833487037607
1498491859190 4982.734743266891 4968.515133198685 4997.670315561171
1498491862154 4982.232319006987 4968.574217648207 4996.483118686123
1498491864952 4984.09491852478 4969.598872862737 4998.076117782557
1498491867540 4987.426297456737 4973.567702650901 5001.314140085157
1498491869857 4988.141263845317 4973.373312426196 5003.528337786652
1498491872624 4988.342932026568 4974.615426906372 5003.501255434782
1498491875875 4988.609172048473 4973.623688371425 5004.298742636997
1498491878630 4990.3219602368545 4974.637691568459 5005.922671428571
1498491881713 4990.478883642294 4973.7934903767555 5006.295208529285
1498491885755 4989.438992319876 4972.322418467265 5005.409726598054
1498491889047 4989.865849545546 4973.935339158635 5005.464132234134
1498491893093 4989.426561812911 4973.669310017623 5004.826658607983
1498491896832 4992.572447154159 4976.965589196709 5008.199662289086
1498491900092 4994.627160251374 4979.520917962945 5009.969866971704
1498491902983 4995.168505268191 4980.703820587557 5010.146771739131
1498491907133 4997.104499404434 4981.753060484426 5011.98739634494
1498491910427 4998.073094608846 4982.869010060981 5013.716279508007
1498491914151 4996.6407516203135 4980.985912031004 5012.630424070263
1498491917130 4997.18321754762 4981.174210318133 5012.356112068966
1498491920547 4999.150401366353 4981.203509670809 5015.035717126721
1498491924248 4998.804543513536 4982.688889936556 5013.254637931034
1498491927634 5000.448005637171 4983.626041666666 5015.034121426725
1498491931383 4998.800301480071 4983.154216884986 5013.1534313876955
1498491934997 4996.389758197456 4980.014377389824 5011.402635997487
1498491938691 4996.589763298702 4980.417770833334 5011.915082630796
1498491942597 4995.8736815584725 4978.803774919181 5011.676806926649
1498491946915 4996.905620894936 4981.444581554687 5012.055247679773
1498491951755 4997.485893028718 4981.621745991947 5013.06667199549
1498491955276 4998.6656546505765 4983.382813209681 5013.78415848515
1498491958799 4997.08745318592 4981.641472281127 5012.2849492474625
1498491962141 4997.036768159884 4981.456907091567 5011.870875
1498491965639 4997.228107637184 4982.766550505595 5011.396166666666
1498491969853 4996.48374395176 4982.349084692289 5010.246168473574
1498491973928 4995.346265048921 4981.443752503583 5009.174814146304
1498491978869 4994.9806739557525 4981.32233996635 5008.560400018202
1498491983530 4993.013234653525 4979.811363045881 5006.949742073952
1498491988115 4993.745741359947 4980.181214285714 5006.961782566525
1498491992864 4993.070967631722 4979.279650132769 5006.962218517763
1498491997293 4992.447814222818 4979.490395358611 5006.278868572831
1498492001923 4993.339115432739 4979.920878022705 5007.241715106017
1498492006100 4993.5786219119 4980.639375 5006.016423750367
1498492010670 4993.147039982234 4980.554561962517 5006.095948192877
1498492014579 4993.1248040593355 4980.879381940237 5006.520868106692
1498492018245 4994.539261916966 4982.538289403857 5007.850446635494
1498492022166 4994.977696342235 4983.37939618812 5008.071740921179
1498492026189 4994.641307968941 4982.273343137683 5007.462056950428
1498492030259 4994.181535136798 4981.421101063221 5007.533083002273
1498492033653 4994.877063428677 4981.448856120346 5008.136736157217
1498492037698 4995.175135813858 4982.367546572948 5009.066846820661
1498492041329 4996.046769964039 4983.54192134574 5009.696251698009
1498492045723 4995.75957243276 4982.6433128987865 5009.643251500758
1498492049124 4996.99684406522 4984.399128690042 5011.320414285714
1498492052458 4996.186587402254 4983.455239054009 5009.562794428644
1498492056209 4996.083624110052 4983.905102070984 5009.2301675910585
1498492059621 4995.862342887161 4983.227302302303 5009.36352173913
1498492063292 4996.206374491783 4983.230573714819 5009.660351708364
1498492066569 4996.467505402243 4983.418199513382 5010.232219271492
1498492070886 4997.5986982314225 4984.603169027496 5011.255291202876
1498492074742 4997.724063262107 4984.588042101931 5011.440690742931
1498492078267 4997.664301883569 4984.108311046018 5010.853461956522
1498492082070 4997.58472578165 4984.279746553316 5011.5702381095325
1498492085925 4997.739591920417 4984.327030641378 5011.595513454622
1498492089668 4996.60995861256 4983.198035567825 5010.2104452234325
1498492094132 4997.35277385076 4984.420261527508 5010.951665748499
1498492098129 4998.0389024619435 4985.606840850234 5011.220592793844
1498492101568 4998.178191898311 4985.229207249937 5011.332157958321
1498492104944 4998.302669292247 4985.504372930288 5011.761254832669
1498492108963 4998.192350244982 4985.683492973255 5011.780442770782
1498492112388 4997.761731248158 4985.228291666666 5011.280604078224
1498492116438 4997.498314772334 4985.097540513092 5010.996328796043
1498492120393 4997.575980863287 4997.575980863287 4997.575980863287
