1498509746158 4969.6781756180735 4858.672222222222 5083.877272727273
1498509749260 4970.569660763815 4894.726342710997 5045.800907778007
1498509752901 4991.243741467577 4924.873680241328 5061.41848828125
1498509756028 4992.26656 4937.629133858268 5051.242502818489
1498509758621 4995.028915046059 4938.465124782887 5054.9186201105595
1498509761034 5005.514948790307 4957.92828855092 5058.3694170909075
1498509763317 5004.815692674445 4961.070588235294 5044.996400363266
1498509766071 4995.033274222839 4953.408469760519 5035.111835541858
1498509768838 5000.740007944949 4957.52587037037 5041.663985790988
1498509771817 5000.9115800264835 4958.816192991446 5037.815399856899
1498509774523 4999.155104742787 4965.131513581164 5033.579099717238
1498509777140 4995.165318566185 4961.400293255132 5028.590926810625
1498509780048 4998.846573142184 4967.618421945318 5031.3085072386575
1498509783299 5005.751745413217 4974.97825 5036.308098878837
1498509785985 5008.238179254956 4976.764248622848 5040.784691400832
1498509789147 5003.835972667093 4973.369216061185 5034.242934526614
1498509792071 5002.996340906277 4975.387955187426 5032.9298024985455
1498509794906 4999.796177093293 4970.481950959115 5029.527078176978
1498509798014 5002.221664532651 4972.899062376194 5031.148895243844
1498509800926 5006.85455786958 4979.796921296296 5034.439606481482
1498509803678 5006.754394572916 4979.892423625383 5034.286893574757
1498509806643 5003.409410118352 4976.490162409673 5029.479343863913
1498509809532 5002.578223050769 4975.908239953002 5027.591324508109
1498509812722 5000.623626736978 4973.099601767801 5025.849776139057
1498509816187 4998.2472650316595 4972.6758003586165 5022.422163384419
1498509820089 4996.0421705770395 4968.935121693122 5019.308613810742
1498509823008 4996.158485010135 4971.120266304348 5017.330445278695
1498509825981 4998.896425309627 4974.509319298246 5019.7636059220795
1498509829109 4999.043283817749 4976.43545422549 5018.81688362069
1498509832767 5000.178694891383 4978.3171785714285 5019.559769736842
1498509835601 5002.515779004299 4980.6737184344975 5020.171090277778
1498509839097 5003.244319151842 4981.568907634953 5021.838157498602
1498509843579 5006.661159106042 4986.195813759183 5023.70474647625
1498509847693 5006.592725875648 4985.823177083334 5023.076645040997
1498509852032 5005.635347042605 4986.623172356173 5021.975070258283
1498509855865 5007.616244573545 4988.90612037037 5024.783042210735
1498509860272 5007.274811311089 4989.189088541667 5022.549708001776
1498509864095 5005.886783510877 4986.544782407407 5022.481219126104
1498509867332 5006.433977170334 4988.493588677732 5021.5979397759
1498509870937 5005.721569799718 4987.693180555556 5021.313153267215
1498509874832 5008.108288142107 4989.608861111111 5024.14275617132
1498509878642 5008.448243909729 4990.0073506680865 5025.407649444233
1498509882965 5008.402233467854 4989.86366889791 5025.94520819718
1498509887146 5009.056072052374 4991.800676558353 5025.966060205327
1498509891141 5009.920708740103 4993.550184151398 5027.172186493333
1498509895902 5010.724523483111 4993.936579433719 5027.577801724138
1498509900354 5011.249117052943 4993.71206990007 5028.890174008044
1498509904975 5010.268800765269 4991.968676168509 5028.039279525285
1498509909872 5011.397274664458 4993.396953703704 5030.373859845547
1498509914490 5010.562963279249 4991.836935185185 5029.26313163482
1498509919315 5010.456002971705 4992.117162037037 5029.0885473333365
1498509924011 5011.836137736695 4993.879817708334 5029.430532151878
1498509928630 5012.432424700467 4995.556090461263 5029.8709897466915
1498509932836 5012.34250236983 4997.063982246036 5028.790044808781
1498509937180 5011.883975234842 4995.943125990491 5027.690285896888
1498509941395 5010.880135260915 4995.449065702231 5026.400397111434
1498509945563 5010.638577314746 4995.047032608696 5026.81330179765
1498509950049 5010.782438462031 4996.4185504015195 5026.1546921697545
1498509953719 5011.150770097912 4997.08518206166 5026.547765103096
1498509957352 5009.852814314998 4995.661469249189 5024.639459705464
1498509960470 5010.443138192703 4996.56273690829 5025.167272557521
1498509964015 5010.883680511073 4997.601305254542 5025.711075926707
1498509967377 5010.615448664575 4997.255904662318 5025.436411646844
1498509970751 5010.111572771256 4997.408724062822 5024.26271483076
1498509974391 5009.8387000341645 4996.198610532591 5024.8967023148525
1498509977411 5009.9422259801595 4996.134313748801 5025.343596119048
1498509980206 5009.350018577121 4995.410005513318 5024.4117902133175
1498509983416 5009.023559907588 4995.353330495179 5023.216416343136
1498509986719 5009.148120625077 4995.015937275802 5024.716881825234
1498509990318 5007.73990715393 4993.595351585582 5022.924217909125
1498509993624 5006.864697843263 4992.784264909587 5021.71967662478
1498509996484 5007.394399460189 4993.948505434782 5021.97693594378
1498509999867 5005.81647888888 4991.865857995919 5020.750667447828
1498510003644 5006.2835568463315 4992.048883558196 5021.640010994828
1498510006756 5005.204176988127 4990.284115578912 5020.756791204407
1498510010226 5006.201713512059 4992.2165620533215 5022.482440465336
1498510013928 5005.126543302144 4991.213674255395 5021.184918792218
1498510017039 5003.361569833237 4989.479800925926 5019.387071371903
1498510020358 5002.8581342512325 4988.671450345594 5018.583275543906
1498510023653 5003.27924080259 4988.347231481482 5019.469479925743
1498510026676 5002.295147223384 4987.414497549799 5018.073824724991
1498510029561 5002.099213297914 4987.614870823547 5018.4263355012645
1498510032809 5001.527066622246 4987.833398238896 5018.084164508953
1498510036177 5001.203927698905 4987.20041289691 5017.383045547371
1498510039181 5000.82402231058 4986.705180477986 5016.876150322478
1498510043022 5001.0784346385135 4986.730672676892 5016.770841879757
1498510047218 5000.109189216892 4985.65902362427 5016.136755060976
1498510050463 5000.304546133971 4986.393213816162 5016.351378391548
1498510053642 5001.117100419375 4986.922752732822 5017.571711045136
1498510056875 5000.30910558481 4986.721425523949 5016.753673443353
1498510060209 5000.890414001042 4987.304301346877 5016.714926411981
1498510062664 5000.3950960544635 4986.638863708559 5015.952683565814
1498510065418 5000.961828898475 4987.284362990532 5016.500268944643
1498510068259 5000.4347664525385 4986.977598243062 5015.4429148394975
1498510071365 4999.505992192639 4985.9512819605725 5014.571242519844
1498510074886 4999.52171108833 4985.998308084246 5014.4303110262745
1498510077781 4999.4473684210525 4986.159492945088 5013.605189382371
1498510080950 4998.687478642701 4986.052970459136 5012.573584075936
1498510083940 4997.972555987921 4985.089953703704 5011.691779229483
1498510086777 4997.575980863287 4997.575980863287 4997.575980863287
