1498491814983 5012.704099060632 4889.527321360336 5116.406521739131
1498491817997 5008.837427900022 4919.009666600908 5102.038992201559
1498491820558 4969.087529812024 4908.051334285589 5036.008570673654
1498491823104 4981.3820764793845 4922.075335689046 5039.920715760495
1498491825516 4952.714664159973 4897.5862962962965 5007.9668611771485
1498491827915 4964.835941939812 4914.196331327028 5019.287475357958
1498491830452 4974.610571750602 4929.0679233569435 5020.262787293429
1498491832827 4973.865416046122 4931.7671096677495 5011.879767466441
1498491835330 4978.569682881576 4941.2454605207595 5013.378411636787
1498491838069 4976.248229975262 4940.557689392025 5009.445051017093
1498491841065 4981.751805050302 4943.986023148148 5011.428689277924
1498491843462 4984.911165770751 4949.98214313846 5014.839441666667
1498491846271 4983.888681313526 4953.000036061051 5010.6148375
1498491848517 4984.345657785268 4955.329314858639 5007.462199852864
1498491851092 4982.822749652283 4957.6698620921625 5004.855864523083
1498491853728 4989.592753944752 4962.585675925926 5012.938177631579
1498491856481 4992.689125694021 4967.099521740249 5015.561807936524
1498491859044 4991.722225305572 4963.504133555926 5015.993936139173
1498491862177 4986.390685226211 4959.150281943934 5009.778728205129
1498491864956 4985.408995860538 4960.426171662947 5007.636215820089
1498491867534 4989.135735561454 4963.570073326226 5010.569770320792
1498491869895 4987.887341075247 4962.762513533273 5008.390790440533
1498491872679 4989.25971387599 4963.265825928776 5009.533288076759
1498491875862 4988.294112876722 4964.214425848208 5007.9556747291235
1498491878692 4982.645019206146 4960.464257353537 5001.649395546129
1498491881866 4980.752485810609 4958.892994545077 5000.176107651932
1498491885768 4981.284079803691 4960.249496443463 4999.980626895595
1498491889128 4980.260389324934 4960.942 4997.773394785025
1498491893147 4983.261690820225 4962.518244195195 5001.189320239374
1498491896839 4985.023591188525 4965.112080940296 5001.510266958425
1498491900007 4984.205527234845 4965.515885027473 5001.117058899555
1498491903207 4986.870234842016 4968.400069444445 5004.32693920661
1498491906572 4988.993202013775 4970.982922883336 5006.147824998917
1498491909896 4988.359902453191 4970.2914183204175 5004.963637588414
1498491913774 4989.42458995387 4972.430322623461 5005.097625371865
1498491916840 4991.323264852859 4972.353531746533 5008.26189552185
1498491920279 4990.558638126313 4970.826499392093 5008.153276015417
1498491923892 4992.228582288428 4973.38587962963 5008.870156016318
1498491927633 4991.053912776098 4973.288369318182 5007.967306033052
1498491931095 4992.12121276832 4975.136998954763 5008.071259672414
1498491934793 4992.469973221264 4975.909082889304 5007.793712954707
1498491938119 4991.904097888061 4974.4404715909095 5008.068566346347
1498491941749 4992.395593178353 4974.78952383305 5010.152786105819
1498491945453 4994.898018461328 4976.886975 5012.880615133211
1498491948796 4996.365880534035 4979.420227272727 5012.930805598517
1498491952480 4993.9525542301435 4977.357874557388 5010.335210526316
1498491956602 4993.7360580188015 4977.760454545454 5009.899636191514
1498491960570 4993.325004483999 4975.806082917273 5010.109518176027
1498491964484 4993.149762766007 4975.91918839807 5009.6515960374245
1498491969410 4994.019620236946 4977.878395422525 5010.436424977019
1498491973756 4994.076850795928 4979.385997341919 5010.025311495304
1498491978685 4991.471494225381 4977.696884469367 5006.120950965825
1498491983343 4989.428687372652 4975.16137222084 5003.6680978260865
1498491987970 4988.762796141721 4974.29440463065 5003.527040742351
1498491992600 4991.764789568799 4977.026372953301 5005.39064572762
1498491997118 4989.945557160068 4976.876629257276 5003.460019357677
1498492001635 4990.818059869188 4978.72312 5004.142731882927
1498492005978 4992.825785311797 4980.44184660068 5005.920546424848
1498492010670 4990.831709265517 4978.566528351671 5004.172245544774
1498492014521 4992.493478753081 4979.497176470588 5006.762952953059
1498492018127 4993.844204725082 4980.373133331106 5008.419525065963
1498492021875 4994.207500170905 4979.490129388175 5010.216263526417
1498492025357 4993.619669749856 4978.834340599658 5009.448201489828
1498492028087 4996.166139003893 4980.89632400953 5012.032691821662
1498492031541 4996.266210102236 4981.141530630961 5011.502223054243
1498492034871 4996.19057648436 4981.185306200439 5010.948753948754
1498492038588 4995.0851913719225 4980.4702647548875 5009.138808442047
1498492042210 4994.997086416378 4980.985272726556 5008.896920712619
1498492045727 4995.0103562304 4982.1627132893855 5007.762940655447
1498492049210 4994.35067176453 4981.397378917379 5006.891824877847
1498492052602 4994.281267085839 4981.179559241464 5007.0863483529765
1498492056331 4993.813126350953 4981.63566155116 5005.910268005625
1498492059786 4994.306169960103 4981.6440544533 5006.8368679129635
1498492063521 4994.85055914842 4982.330318286543 5007.711396739131
1498492066702 4995.010276781138 4982.820880583719 5007.449347431026
1498492070692 4994.019080203488 4981.704958962382 5006.924756737837
1498492074372 4995.171667036853 4982.495173425533 5008.6154809225445
1498492077720 4994.432875600641 4982.018613267466 5007.705212915213
1498492082174 4994.96884463751 4982.25296020471 5007.87285175255
1498492085879 4994.68816230646 4982.33900956582 5006.994632751881
1498492089693 4995.322265266287 4983.23633808885 5007.611069050631
1498492094043 4996.155807934121 4983.1236977250655 5009.022197404999
1498492098009 4996.75139237695 4983.161091675587 5009.309350461456
1498492101427 4997.847919496339 4985.622412037037 5009.815174286944
1498492104971 4998.132180004699 4985.878212777156 5009.883231840723
1498492108993 4998.22388958659 4985.741196388261 5009.819630185439
1498492112241 4998.455086418277 4985.63035380795 5010.902477033757
1498492116471 4998.696082116648 4987.276283840247 5010.348303419091
1498492120466 4998.515053524592 4986.286207515711 5010.2834387556195
1498492123716 4998.6201680528675 4986.442310420463 5010.179714444266
1498492127580 4997.6915558479395 4985.328257206169 5009.4840102185835
1498492130495 4998.07751292238 4985.883092223245 5009.830593726281
1498492133910 4997.940975945252 4985.676967045096 5009.926809132056
1498492137437 4997.7141544981505 4984.783907039288 5010.077804931684
1498492140586 4997.429126810866 4984.84614261765 5009.999979254059
1498492144381 4996.692784491634 4984.265136408363 5008.78792578691
1498492147304 4996.339342238473 4983.441316857949 5008.854280179884
1498492151020 4996.797135314321 4984.487833327814 5008.925603014696
1498492154272 4997.950334251725 4985.1302385463905 5010.532600226661
1498492157173 4997.575980863287 4997.575980863287 4997.575980863287
