1498509839793 4915.792340425532 4811.7067352666045 5011.429804804805
1498509843579 4960.290185224611 4884.5975968612065 5032.175872492443
1498509847363 4973.301552446777 4916.866232910229 5032.353962378641
1498509850283 4957.897419492429 4922.464472700075 4998.09303865574
1498509853459 4970.060099026806 4932.330588235294 5006.719348514553
1498509856549 4967.371611526148 4930.821013597033 5001.8425574087505
1498509860304 4971.103508337531 4932.213409254952 5005.279436713773
1498509863495 4979.497100917118 4941.925565001036 5014.91125
1498509866717 4993.309616230458 4959.777552015605 5022.519300233727
1498509870748 4991.534045279795 4961.244568965517 5018.979321609787
1498509874709 4994.526577640361 4967.744262156448 5020.0355314148055
1498509877672 4984.516513001051 4960.231659643047 5006.779059258252
1498509880647 4993.141262876357 4968.258440251572 5015.326415125198
1498509883609 4987.074441178481 4963.586137446133 5009.652057538698
1498509887164 4977.794740437159 4949.524188017565 5002.858240204659
1498509891154 4975.649976311106 4948.389214938829 5001.942503302232
1498509895902 4985.5564264125815 4960.747855327391 5008.944022259161
1498509900354 4980.442324115667 4953.998976537608 5005.543359375
1498509904974 4982.149834741094 4957.715388681 5005.995303313819
1498509909872 4982.272771917837 4956.513481031316 5006.192166666667
1498509914482 4981.010172270953 4957.06974823978 5003.104758662141
1498509919315 4980.394012129495 4956.182230202127 5003.865007714032
1498509924010 4978.672664619904 4957.055609034496 4999.972881577442
1498509928629 4976.400137482281 4954.670856747772 4997.960265903736
1498509932836 4978.456444505176 4957.0897904546155 4998.592561058291
1498509937180 4979.677119573801 4957.783052767749 4999.6792364411485
1498509941394 4982.195839060246 4961.940911387215 5001.303221313025
1498509945563 4981.193394434318 4959.714040230826 5000.475919784703
1498509950049 4981.621588391245 4959.555698084199 5000.481714624261
1498509953727 4980.018447111874 4958.873485334791 4999.590399948941
1498509957164 4976.808668283767 4956.188049580096 4995.12776822892
1498509960452 4977.361796534024 4958.744042482575 4994.5028135667435
1498509964045 4979.821836086296 4960.636049107143 4996.808943965517
1498509966915 4978.974360507324 4956.781338410828 4999.010075471698
1498509970062 4979.839576714154 4958.738498054475 4999.908985
1498509972596 4981.9145281262545 4960.659098049894 5001.9490273447755
1498509975621 4982.582485055508 4963.445100220984 5000.712422693666
1498509978772 4983.82173608501 4965.236088977424 5002.710315
1498509981631 4986.9781104219 4969.386762910373 5005.205610314383
1498509984996 4986.9015194556105 4968.680008425388 5004.780481102174
1498509987713 4985.3138863852855 4966.195690579148 5003.166165920433
1498509990452 4984.901065292977 4965.3471870941285 5003.1308442061445
1498509993653 4987.194821224183 4968.052646148102 5004.506695166472
1498509996490 4988.393304206332 4969.795292532285 5005.099271477663
1498509999840 4989.063105386337 4970.014626841559 5006.793364150862
1498510003675 4989.015041511497 4969.172234375 5007.113535529595
1498510006546 4988.603478097467 4968.808658660591 5006.105948275862
1498510009453 4988.544629129796 4969.028069260804 5006.179157469738
1498510012405 4988.470347071861 4970.218380462093 5005.98892420015
1498510015191 4988.399629332285 4970.185769721359 5005.815295416896
1498510017904 4989.079060869268 4971.653379294756 5005.534372484609
1498510020934 4990.110558343119 4972.330870636586 5005.747711686037
1498510023918 4989.439134166599 4972.006984270257 5005.3511754081965
1498510026746 4988.999086149615 4971.851216881129 5004.450576826556
1498510029514 4989.0946184855575 4972.179428942245 5004.836897519887
1498510032557 4989.2660468969525 4972.166973484303 5005.546697853605
1498510035492 4991.692700592767 4974.484827031376 5007.242837638637
1498510037815 4991.862981169627 4975.697370353329 5007.113174659767
1498510040607 4991.051638059526 4975.154995058845 5005.786482384474
1498510043462 4989.636369848387 4974.749230150039 5004.498055212517
1498510046907 4992.09974374306 4976.586437605023 5008.382136866416
1498510050012 4992.070954819367 4976.118176712842 5008.435715555636
1498510053230 4993.710591843098 4977.576393518519 5009.742535408493
1498510056516 4994.548906219303 4979.33896157614 5008.761271551724
1498510059457 4994.694461054825 4979.6705316828275 5009.414690313604
1498510061908 4995.168315985939 4980.933932917152 5010.271238604595
1498510064700 4995.225617438171 4980.829330709849 5010.676598942677
1498510067314 4994.4185127764895 4979.94089241633 5010.921715634259
1498510070514 4994.251223574632 4979.209787183824 5010.956189655172
1498510073199 4994.809847365409 4979.507501182452 5013.073234209421
1498510075543 4995.599329475325 4980.377659209947 5013.448333829025
1498510078091 4995.770249896428 4980.415511586076 5013.588077488079
1498510081120 4995.15835888588 4979.876407547383 5011.6133222081535
1498510084139 4994.552252636973 4978.446745425229 5011.361838305221
1498510086904 4994.41978735215 4979.364346349746 5010.704553568304
1498510089351 4995.3231803915705 4979.9564140404955 5011.7934343507995
1498510092541 4996.354164976364 4980.598955595152 5012.6564871775545
1498510094979 4996.566238203015 4981.218463255049 5012.670668953688
1498510097165 4996.973407072088 4981.760386842273 5013.456807840392
1498510100262 4997.828413536275 4983.0940072420035 5013.314142241379
1498510102795 4998.1554125329385 4983.973844296922 5013.310234511726
1498510105965 4997.8061716531065 4984.018498288984 5012.494955905656
1498510108741 4995.904513577463 4981.53375814768 5010.4310269323405
1498510111082 4996.603909610021 4982.415312694621 5011.22688130233
1498510114618 4995.9191857932365 4981.769078770942 5009.947450716902
1498510116811 4995.711376575453 4981.624849724676 5009.167762723925
1498510119955 4996.097238890431 4981.618380871642 5009.894429469901
1498510123364 4995.968423839702 4981.604556870236 5010.753123282842
1498510125509 4995.729556364134 4981.239124995309 5010.031819712888
1498510128244 4995.282557171226 4981.616012509773 5009.142584947603
1498510130343 4994.889558447327 4981.039141989202 5008.857315991209
1498510133351 4994.702349021953 4981.180462427048 5008.366817823344
1498510136135 4995.124849991245 4982.068347646608 5009.427463696602
1498510138510 4996.132259111525 4983.113236997798 5010.178480370135
1498510141896 4997.0169651513925 4983.9080251363175 5010.920932240972
1498510144349 4996.126970093027 4982.864785511624 5010.535449198235
1498510146334 4996.554669013061 4983.434666855359 5011.046863295553
1498510148599 4996.702865710148 4983.626831527695 5011.019486553987
1498510151594 4997.546915447113 4984.756458333333 5011.760073685608
1498510154851 4997.575980863287 4997.575980863287 4997.575980863287
