1502462040551 5004.399059024808 4872.781835205992 5117.949868938401
1502462041685 5033.169690501601 4944.482750845546 5124.415346938776
1502462042632 5013.448825622776 4936.3560795873245 5083.801578531965
1502462043686 5008.240349754745 4938.271510932231 5069.828005402972
1502462044753 4991.104984636395 4931.723335297584 5043.6483108108105
1502462045601 5004.749074601366 4942.285192757009 5057.080838323353
1502462046450 5012.858966528219 4950.446237244898 5064.791883515584
1502462047236 5016.076446060088 4955.440177638454 5065.00655990739
1502462048742 5017.045715915031 4960.7980639351645 5065.80762304922
1502462049849 5015.993199024766 4961.344362503451 5065.1787890625
1502462050838 5014.723507680343 4964.355071166413 5060.696966769707
1502462051705 5003.191452199329 4958.339599919716 5043.320107772939
1502462052349 5000.052491366551 4953.51880725596 5037.537979291376
1502462053860 4997.085066104852 4951.36388466016 5035.157442397084
1502462054776 4993.827626481313 4949.148302469136 5030.661765446397
1502462055738 4994.35554961934 4953.690537713794 5030.966880739978
1502462056783 4993.6975761842505 4954.543301282051 5029.34707163171
1502462057757 4997.305992118133 4957.894553706506 5033.31646090535
1502462058805 5001.536875014057 4965.305324183625 5035.599177631579
1502462059843 4993.5284389556 4956.114901791028 5028.072091346154
1502462060928 4991.5346073223845 4952.515720839132 5026.686213517665
1502462062288 4995.8738079052155 4958.86324860573 5031.550947867298
1502462063198 4994.390579710145 4957.921710278614 5027.780416816385
1502462064275 4994.455022969268 4957.7663489902425 5028.104599276203
1502462065190 4992.46611965812 4954.994481481482 5027.946959950197
1502462065964 4992.534770960372 4956.800079476214 5026.469318669443
1502462067053 4992.768747428065 4957.120288944724 5024.801800026277
1502462068265 4992.492575126292 4955.92230499146 5024.830291656893
1502462069311 4994.383679302267 4958.910415773682 5028.004649042844
1502462070919 4995.705895756195 4960.472486677444 5028.437653078735
1502462072301 4995.629092713041 4961.532341609589 5026.48541186636
1502462073231 4994.003578151911 4959.578492911602 5024.752022608888
1502462074061 4994.710348131174 4961.5526315789475 5024.218299720835
1502462075304 4995.500659705206 4963.497595425629 5023.430232203338
1502462076445 4997.95173575509 4966.932924397255 5024.427676743346
1502462077668 4998.854218340197 4970.077096193416 5023.330982082357
1502462078737 4998.125643690105 4969.42962962963 5021.309818060563
1502462079860 5001.047817678937 4973.028028080469 5023.525577114016
1502462081375 5002.703544669851 4973.402480441507 5026.392704520456
1502462082527 5001.064784851495 4973.038463433622 5024.418410683013
1502462084013 4999.535343956147 4972.123204607046 5022.037263386983
1502462085372 4999.962387962521 4973.701845781221 5023.336653645833
1502462086351 5003.159912953615 4977.190474509665 5025.309618917906
1502462087257 5004.378986210915 4978.999220520907 5025.949911221591
1502462088616 5003.082724829793 4978.917145061729 5024.772547409614
1502462089663 5002.3531466257955 4978.8100546379455 5023.10637459551
1502462091141 5001.506482407492 4977.33068603889 5022.996188257716
1502462092478 4999.19680903158 4976.503675549244 5019.488551598884
1502462093736 4998.037711494854 4974.619983234855 5018.934024936215
1502462094946 4998.58962457688 4974.689453747301 5020.372025399606
1502462096241 4997.245589627978 4974.256034660615 5018.060126229016
1502462097461 4997.923358264157 4974.0989107310015 5018.833136293494
1502462098841 4998.581564687288 4975.9738067520375 5018.455242580684
1502462099961 4998.692524414758 4976.6174047755985 5018.490207926847
1502462101618 4998.514879796112 4976.894717534849 5018.239058177685
1502462102677 4999.383464212398 4978.275144424839 5019.274421037946
1502462104330 5002.209520453455 4981.210631903834 5022.198931355446
1502462105318 5000.195834438452 4979.722884738187 5019.106157644281
1502462106304 4998.788448307079 4978.40525737602 5017.382645341757
1502462107762 4998.509762871181 4978.443135331441 5017.434205129823
1502462109513 4998.398956436476 4979.407235165635 5017.089316867138
1502462110624 4998.081965518667 4980.10579900401 5016.553566462736
1502462111945 4996.727533499702 4979.35556463733 5014.015618957323
1502462112992 4995.828440403717 4979.32291892988 5012.472283010498
1502462114094 4995.535970135521 4978.662525879917 5011.874280211368
1502462115309 4994.632119623265 4977.83664526165 5010.27603351172
1502462116310 4994.612019384046 4977.718511608624 5010.629766687001
1502462117630 4994.559987435213 4977.199994476817 5010.4420959253475
1502462119099 4993.917554047695 4977.333564097353 5010.382171684529
1502462120488 4993.689409610984 4976.9778825308795 5009.722219774167
1502462121542 4994.183045463569 4977.861379942532 5010.455838978835
1502462122905 4994.133557986664 4977.729778372933 5011.236100549445
1502462124509 4993.966621803499 4977.253847325918 5011.474467051193
1502462125470 4993.736850611868 4978.1951076076075 5010.823375070172
1502462126721 4993.6554485445295 4978.108212482776 5010.070951054517
1502462127760 4994.3408214651035 4978.748833257684 5010.114700122772
1502462128795 4994.762652346849 4980.512151377638 5010.4866000579605
1502462130149 4996.46066437396 4981.751341310226 5011.715863778424
1502462131818 4996.514839707369 4982.829448474991 5011.718307257188
1502462133519 4996.770194725798 4983.172619530336 5011.7551136758675
1502462134387 4996.7979812362555 4983.668099563198 5011.813208445495
1502462135394 4997.963439538227 4984.817990879568 5012.970382849073
1502462136537 4997.681003510434 4984.9203222026945 5011.983857564114
1502462137655 4997.38191241017 4984.849266978458 5011.972795948768
1502462138600 4996.490681263005 4983.972808909334 5011.008175000805
1502462139582 4995.807104001589 4982.8000668672685 5010.49749902812
1502462140901 4995.833855476116 4983.089893638657 5010.792826814871
1502462142630 4995.755364181829 4983.448044165526 5010.347069245992
1502462144018 4996.040792524011 4983.407417534745 5010.375012385475
1502462144992 4995.603640678771 4982.649529079763 5009.669008578757
1502462145977 4995.063446831883 4982.124943494724 5009.374230703292
1502462147068 4994.972597332639 4982.51844059459 5008.859459068643
1502462148069 4995.327347730018 4982.635878730831 5009.075744205201
1502462149040 4995.282271405199 4982.694186178176 5008.979397918196
1502462150311 4995.118320816657 4982.724371280476 5008.110214314239
1502462151687 4994.203425504837 4981.727624558849 5007.908330642251
1502462153163 4994.975977311661 4982.1910093401175 5008.553827571297
1502462154568 4996.042581477558 4983.028715179777 5009.4577495216345
1502462155665 4997.3644824327885 4984.578420405175 5010.724741513137
1502462156735 4997.575980863287 4997.575980863287 4997.575980863287
