1502727423922 5100.420624732563 4994.995521719659 5178.603854389722
1502727424867 5034.5914230851295 4961.899408284024 5098.185416666666
1502727426042 5022.226173541963 4969.2025369978855 5075.558264199107
1502727427354 5053.611140753388 5006.820367278798 5101.193451976634
1502727428098 5043.694006309148 5004.147085497568 5084.783373856663
1502727429074 5037.571865008881 4989.241016832703 5083.169092499801
1502727429963 5025.919641769221 4986.3645612974715 5067.398787790273
1502727431401 5007.647943670987 4975.8712100292705 5039.113396914166
1502727432233 5001.153357359636 4972.387334922964 5028.683235509905
1502727433141 5005.492954739539 4973.990255986788 5032.619010954398
1502727434030 5002.038700411459 4973.799015151515 5028.517938043346
1502727434841 4994.620089666952 4964.8693173565725 5024.878974205159
1502727435561 4995.672380952381 4967.305805396566 5023.442507172809
1502727436550 4998.281495942895 4968.670844879809 5029.203971851952
1502727437838 4997.321086034664 4967.78729578364 5027.345569886654
1502727438573 5000.549655798068 4974.356523642732 5028.853229871335
1502727439474 5000.750502260171 4974.4308190284155 5029.016071351631
1502727440418 5003.045101014892 4976.939695496652 5029.095735618361
1502727441512 5003.073275958925 4977.697803278688 5028.104255756579
1502727442610 4997.524203876035 4974.631446452098 5020.61837890625
1502727443521 4995.0094132476725 4971.458271804888 5017.793179656465
1502727444249 4991.2053143378425 4970.580037912201 5009.834851936219
1502727445287 4995.384858102715 4978.116884591905 5012.163702585641
1502727446195 4995.133434163701 4976.976218563998 5014.467696979311
1502727446912 4993.14442394424 4972.365409101216 5011.714022530277
1502727447901 4991.619567716716 4970.638385287596 5012.225545009978
1502727448814 4991.820120215122 4970.441322396886 5011.178118191721
1502727449651 4991.894986501533 4970.288910725217 5011.029951611073
1502727450403 4991.095564195458 4970.508987405934 5009.836118154159
1502727451537 4990.245715424472 4970.288672839506 5009.657475490196
1502727452604 4994.916499049404 4976.49382885119 5012.585128083491
1502727453659 4994.430382618676 4977.752898351228 5011.632318474265
1502727454598 4996.167283407514 4979.580478031207 5014.342314966978
1502727455529 4998.697864858076 4981.491925734024 5015.671346033729
1502727456859 4996.443145771314 4979.003168166265 5012.709585285045
1502727457921 4997.516262187744 4981.388959374091 5013.623867484213
1502727458789 4994.976066285081 4980.587702304864 5010.257144709403
1502727459816 4997.536495202139 4982.795734935606 5011.881851436092
1502727460656 5000.509623174444 4985.487633662558 5014.820830605182
1502727461841 5000.230682194208 4985.308271843564 5014.675905971288
1502727463047 5001.599625117151 4986.302188679245 5015.950055432372
1502727463985 5003.679482357246 4989.388596269974 5018.463766422833
1502727465024 5001.976021684737 4986.73330523459 5016.938917593485
1502727466481 5001.281803980167 4986.612536551651 5015.627314919937
1502727467766 5001.551776481191 4986.909683761631 5016.635075073692
1502727469063 5001.459612225388 4986.9816195938 5015.952333759591
1502727470439 5002.208866968227 4988.114278978389 5015.926845400829
1502727471635 5002.156580749595 4988.287115761936 5016.168609683777
1502727472669 5002.135965982364 4989.279357885908 5015.589451884578
1502727473796 5002.877891932054 4989.566422726663 5016.16222030981
1502727474754 5001.061010222792 4987.552311783375 5014.892356399819
1502727475662 4999.665349836149 4986.489165460803 5013.756942873303
1502727477156 5000.040892462895 4986.9700788846085 5013.623928398937
1502727478280 5000.089287832655 4986.298536385458 5013.6882725598525
1502727479408 5002.035242598588 4988.062783684397 5015.746651904703
1502727480540 5002.489252026445 4989.208916655116 5016.018573557247
1502727482100 5003.9839521711765 4989.732369020307 5017.821245238244
1502727483296 5002.335956884429 4988.381885539947 5017.002092218557
1502727484548 5002.093568817632 4987.898563805183 5017.10451754956
1502727485808 5000.391835049785 4986.123568892834 5015.150314000739
1502727486959 5000.068853262392 4985.267000852732 5015.531746571269
1502727488154 5000.492058353538 4986.0246732907135 5014.688954965467
1502727489835 4999.158072037632 4984.355933963757 5013.689534797585
1502727491087 4997.700264207843 4983.1709140625 5013.767214998564
1502727492343 4996.758901122002 4983.302315384615 5012.076951849655
1502727493804 4995.619086744992 4981.35958088412 5010.675367596754
1502727495030 4996.509056146836 4982.233306784915 5011.583544692952
1502727496006 4995.1110497133495 4982.030422773644 5009.300082355363
1502727497086 4995.027446005322 4981.913305891049 5010.537673172171
1502727498325 4995.528677224147 4981.554122277401 5010.758381767302
1502727499523 4995.998045230362 4982.394476273508 5011.15257465613
1502727500794 4995.353519238981 4981.739479947337 5009.510586095145
1502727501999 4995.787647475155 4982.4422522945 5010.25312066954
1502727503516 4995.818867968078 4983.026508317307 5009.720319929405
1502727505051 4995.506607603441 4982.174991599413 5009.03748766853
1502727506212 4996.233190054783 4983.353349644233 5009.372865646135
1502727507428 4995.36125837363 4982.700158028948 5008.90012572896
1502727508776 4995.323557429103 4982.985098188883 5008.573208590861
1502727509876 4995.111124324324 4981.68206850235 5008.654113257595
1502727510960 4995.214898443964 4982.3126117179745 5008.610061724298
1502727512219 4996.3751733301 4983.666384623363 5009.59287898929
1502727513370 4996.513081970628 4983.589291491427 5010.044812155783
1502727514966 4997.955972998281 4984.698781489334 5011.275306910226
1502727516701 4997.2169646806415 4983.087301442006 5011.104187387868
1502727517873 4996.996317082607 4982.818121283691 5011.215440064399
1502727519852 4997.409975765762 4982.901476744186 5012.046038020787
1502727521145 4997.605571782725 4983.139091272597 5012.325997484277
1502727522257 4998.279743935703 4984.979318181819 5013.005308898545
1502727523542 4999.468252673207 4986.452652017824 5013.994422228452
1502727524805 4999.4684759084175 4986.54788074628 5013.506873817684
1502727526394 4999.604298481122 4986.815585672798 5013.9623021569405
1502727528182 4999.814222771105 4987.0936472817675 5013.638008427995
1502727529363 4999.799183377272 4986.837086267756 5012.915549695042
1502727531202 4999.369459515955 4986.227521753142 5013.027841324497
1502727532704 4998.390290729567 4985.57609408012 5011.966741754116
1502727533887 4998.33756034617 4985.557681349364 5011.758208432258
1502727535143 4998.291766301595 4985.68875865339 5011.391444751452
1502727536308 4998.398767390774 4986.340043917537 5011.955474811076
1502727537740 4998.483653136691 4986.803757789834 5011.423806949386
1502727539043 4997.575980863287 4997.575980863287 4997.575980863287
