1498491724799 4902.300723096555 4783.92734375 5028.931399317406
1498491727682 4954.142613515242 4884.634134537829 5033.34125
1498491730077 4964.009514273541 4907.840441304365 5027.963237883458
1498491732080 4981.456850628596 4926.483384026135 5034.749456521739
1498491733967 4978.93906290006 4928.106717731083 5028.1198821966855
1498491736622 4993.131450544755 4941.652806183888 5043.529354139575
1498491738331 4983.757339003023 4935.676473821281 5028.175853393248
1498491740327 4992.218082835184 4951.618486971076 5034.484659090909
1498491743324 4998.658866374636 4953.111804166667 5040.189090687926
1498491745895 4999.035776800581 4959.074235086947 5038.573320111993
1498491747623 4998.2824163435425 4955.520490215825 5036.516035723078
1498491749663 4993.861801089627 4953.183714331658 5033.149064409082
1498491752352 5001.290509689351 4962.87995871609 5039.845281235229
1498491755114 5005.6699578073485 4969.386399700077 5043.85930104568
1498491756978 5007.123741062504 4973.99277872047 5041.67812540051
1498491759984 5009.831980415445 4976.45544390874 5044.439206328621
1498491762457 5011.959194137629 4978.9562678207 5046.619388888889
1498491764722 5010.329867577958 4978.736356870616 5044.806611407349
1498491767569 5008.267033755671 4973.8179989435375 5043.84565593902
1498491769823 5005.993741455913 4973.641328718518 5039.638041843293
1498491772742 5005.488760804454 4974.349305482743 5039.2501443488645
1498491774898 5005.70365955265 4975.705882609055 5038.913311159589
1498491777448 5005.56756445033 4976.029574256301 5039.9631486064045
1498491779864 5007.402204927556 4977.8512703583065 5040.937809350101
1498491782360 5003.714266192949 4975.784919554951 5035.965476994901
1498491785216 5005.481723744829 4978.958811791725 5036.2844194047475
1498491787534 5004.177426102697 4977.5713492781815 5034.348173920438
1498491790274 5005.767049069042 4979.908525820761 5034.597956192492
1498491792698 5001.463682594716 4976.994343566296 5027.572716597337
1498491795999 5003.568811923471 4980.238299159903 5028.787078157096
1498491798743 5004.695597586338 4980.63454605356 5030.606058494782
1498491801187 5000.936745457263 4978.370430149346 5026.332549242425
1498491803823 4999.506971639414 4974.424791981175 5025.494970673203
1498491807120 4998.6475502255025 4973.0583968252895 5023.893666010068
1498491809749 4998.995895705652 4973.721116696019 5024.240998051343
1498491812076 4999.017780947947 4975.825509200202 5024.3358240740745
1498491814427 5001.753130605621 4978.986818279386 5027.288054347826
1498491817834 5003.193945063065 4981.072841784458 5027.838676747376
1498491820727 5002.482726655247 4980.63711065514 5026.027204223254
1498491823689 5001.5725233884405 4981.443921025286 5022.831643518519
1498491826480 5004.153762361434 4984.6452925164995 5025.328163183426
1498491828906 5005.957843112125 4985.507492342082 5027.314175308906
1498491831762 5003.998116205757 4983.611446497773 5025.100880342301
1498491834647 5006.315024136016 4985.002450030675 5026.753134577877
1498491837922 5005.429090256533 4984.080055377487 5026.827961085909
1498491841138 5005.966857509079 4985.381567858893 5026.656520054253
1498491843820 5006.4542424734445 4985.570062703347 5027.953524620858
1498491846634 5005.504510047728 4984.222634370711 5027.681726464959
1498491849443 5008.068539565887 4986.977195329306 5029.413636798928
1498491852594 5008.270592257072 4988.081000120564 5029.229440544565
1498491856078 5006.399879499024 4986.266173969722 5026.129983695652
1498491858915 5006.1508924412765 4985.466198135678 5025.567872114041
1498491862381 5005.858591556518 4986.382210712183 5024.934201595359
1498491865324 5003.283565507221 4984.465432732375 5023.166835387013
1498491868304 5003.768319209583 4984.50082874229 5023.729135869566
1498491871100 5003.712232706015 4984.312304104041 5023.990380537188
1498491874077 5002.43762633493 4983.3459364357695 5022.809358737549
1498491877001 5002.518139586566 4982.596318033064 5023.1078061138005
1498491880210 5000.917561636459 4981.608802725184 5021.374130305861
1498491883334 5000.647190300565 4982.049778327483 5021.0885279694585
1498491886633 4999.2819355776055 4980.564749209399 5020.446686693096
1498491889988 4997.870302558997 4978.1668258585505 5019.301272437731
1498491893513 4997.346530845945 4977.170060294554 5018.640688438123
1498491897044 4998.9084511856445 4978.852424394174 5018.954210526315
1498491900670 4999.431689319393 4979.5804289948865 5019.056459116454
1498491903760 5000.225235234294 4980.867464837424 5019.997762549383
1498491907320 5000.265251796717 4980.019813746342 5019.78015199755
1498491910774 4999.089322412637 4979.833191893138 5017.3725760869565
1498491914678 4997.6106632145165 4979.023467047094 5016.576099726231
1498491918047 4997.516621232449 4979.119728088287 5015.459135869565
1498491921688 4997.200795542909 4979.132931409369 5014.52178673184
1498491924827 4996.966354493331 4979.475918690061 5014.110112909056
1498491928294 4996.046654703922 4979.492653888589 5012.434511353948
1498491932185 4996.920848802287 4980.593448565164 5013.568704824026
1498491935479 4996.3066672932655 4980.864996680148 5012.330575640321
1498491939420 4995.101309409378 4980.01310184205 5010.406265620459
1498491942955 4995.491551997403 4980.023573751929 5011.510641899192
1498491947143 4996.464586136922 4981.6590360308855 5011.269217131261
1498491952137 4996.496163606381 4982.008410820565 5010.921097826087
1498491956007 4996.138864561662 4982.039864638185 5010.932138537887
1498491959960 4997.388673844313 4983.335992086349 5011.925908161988
1498491964552 4997.3082624855815 4983.348100045475 5011.462987865484
1498491969695 4998.149721448468 4983.954562693272 5011.292578585158
1498491974065 4997.4275948988525 4983.158179563854 5010.8033756133855
1498491979132 4997.733689638525 4983.965693390128 5011.201358733716
1498491983691 4997.499109259853 4983.846290516397 5010.959224137931
1498491988396 4997.045966994331 4983.635607432301 5010.928298107171
1498491993034 4996.915019864155 4983.564875994885 5010.197052415738
1498491997549 4997.5322804574325 4985.024834632881 5010.205378520744
1498492002017 4996.939705662473 4984.408892550646 5009.196152813605
1498492006223 4997.740411807425 4984.715206269729 5010.392391304348
1498492010967 4997.803632759769 4984.493924228567 5011.022771551724
1498492015027 4998.394176673373 4985.44399074074 5011.171559301063
1498492019072 4997.830061003742 4984.809421296296 5010.349686023812
1498492023079 4996.946084734974 4984.674997714042 5009.658420463032
1498492027161 4997.671609590211 4985.069097691713 5010.494588370754
1498492031273 4997.897443674547 4985.109692771777 5010.949930509459
1498492035539 4996.810668227274 4983.81020359907 5010.179151223381
1498492038993 4997.34911338656 4984.5632419066405 5010.310857325218
1498492042808 4997.575980863287 4997.575980863287 4997.575980863287
