1497892442911 4994.78563186461 4970.48503841488 5019.665139983386
1497892447293 4993.1036346353085 4975.949500454132 5011.995015757359
1497892451274 4997.598295477724 4983.7577062793 5011.130848898518
1497892455632 4994.945017622557 4983.308173494468 5006.754718673948
1497892459134 4994.3838264316655 4984.28817930611 5005.119265602361
1497892463448 4997.9911530548425 4988.479043589056 5008.34947090473
1497892467798 4998.6065221765275 4989.533651297809 5007.974480803203
1497892471994 4998.429934209121 4989.685377793074 5006.7453879375735
1497892476001 4996.953710653885 4988.413560750942 5006.028402466947
1497892479665 4996.9484088841045 4988.859372778088 5004.751554886224
1497892483293 4996.963320723927 4989.798653477923 5004.418489900227
1497892487607 4995.7886064477625 4989.100043109464 5003.138851668976
1497892491760 4995.892494458934 4989.297240675469 5002.985253478965
1497892496034 4994.541437386891 4987.932761823451 5001.753015011413
1497892500031 4995.089086241291 4988.8326551570635 5002.012652284426
1497892503679 4995.920778953102 4989.194063411743 5002.731366488599
1497892507456 4995.075559476146 4989.141335444376 5001.7983438388555
1497892512098 4996.065970405185 4989.7435820861965 5002.777610098186
1497892516205 4996.362404283814 4990.4154096894235 5003.086112839573
1497892520220 4996.056765611718 4990.245207802559 5003.103714498753
1497892524575 4995.39894750331 4989.8345138607165 5001.933328857679
1497892528538 4995.822087199804 4990.367842313965 5002.394215864176
1497892532988 4996.099958482865 4990.820211266766 5002.745884507293
1497892536841 4996.326020351285 4991.240661357681 5002.582077348615
1497892540649 4996.131288063689 4991.103992264669 5002.023421212983
1497892544889 4995.417558710895 4990.458601527769 5001.190932050399
1497892549163 4995.2638062634915 4990.365466691408 5000.765297659421
1497892553321 4995.331960974814 4990.26832649192 5000.731211623886
1497892557175 4995.568060954252 4991.138966920121 5000.823348476908
1497892560826 4995.133651396869 4990.692157416695 5000.484125168188
1497892565432 4995.875007368023 4991.428548552786 5000.952087213785
1497892569633 4995.156300755059 4990.721552903844 5000.410905839114
1497892573640 4994.9500738921515 4990.582074460227 5000.067258362208
1497892577898 4995.664052988019 4991.3306150195685 5000.7990962973945
1497892581653 4995.466516531908 4991.029120357692 5000.651817696003
1497892585446 4995.4343761458895 4991.293712062157 5000.359910718591
1497892589559 4996.202346901576 4991.978502944764 5000.670105985385
1497892593422 4996.249352213068 4991.769644794275 5000.699888068005
1497892597829 4995.794483185459 4991.212386476819 5000.126335257222
1497892602206 4995.788368472309 4991.500979490776 5000.231126446813
1497892606670 4996.245828859143 4991.813671996828 5000.396443471039
1497892610659 4995.805444447648 4991.3213268060135 4999.894066282294
1497892614602 4995.612811833274 4991.029646388521 4999.726786075419
1497892619711 4995.599105804264 4991.37692438709 4999.254860535137
1497892624089 4996.294456579867 4992.170955011673 5000.070598524358
1497892628139 4996.374468795798 4992.494831730259 5000.270862135123
1497892632450 4996.6657516616815 4992.83001886741 5000.658819948873
1497892636498 4996.591493586777 4992.653519795761 5000.518702485111
1497892641020 4996.542116118191 4992.833249684175 5000.31305926061
1497892645350 4996.585690524335 4993.091635889918 5000.2299513175385
1497892649158 4996.943014746712 4993.443209118408 5000.512804430178
1497892652698 4997.086325555925 4993.570244016936 5000.63743449314
1497892657212 4996.987467443224 4993.546726544394 5000.50083188349
1497892661881 4997.058544273045 4993.609991780163 5000.552633949588
1497892666181 4997.181172253361 4993.594127912637 5000.615275102064
1497892670326 4997.500073362651 4994.108755039478 5000.870473147683
1497892674725 4997.00687222325 4993.497956498835 5000.376618796215
1497892678989 4997.335811160324 4994.152657670278 5000.555785850279
1497892683342 4997.311342948303 4994.1232843462085 5000.519035665405
1497892686978 4997.31277137408 4994.0357670176245 5000.404138944205
1497892691469 4997.30069442279 4994.090969973905 5000.368935720966
1497892695220 4996.749575781134 4993.749518010414 5000.008002276656
1497892699761 4996.470259877671 4993.488616415377 4999.724663867968
1497892704118 4996.605328934203 4993.629360442979 4999.863598436752
1497892708452 4996.839503630971 4993.776257555378 5000.087320115519
1497892712679 4996.655197984329 4993.732888161804 4999.908519737317
1497892717365 4996.595366328793 4993.5868368182155 4999.823680571527
1497892721516 4996.585541066812 4993.543678546264 4999.763007761427
1497892726008 4996.372619300101 4993.289669662362 4999.43388354608
1497892729845 4996.230295266388 4993.281670697321 4999.331977869313
1497892734277 4996.317910292519 4993.353372840868 4999.3080299616295
1497892738581 4996.4179744698595 4993.514132877723 4999.38785923304
1497892742251 4996.430225619343 4993.472916814536 4999.399770071943
1497892746369 4996.474199999103 4993.683535461929 4999.496127804981
1497892750769 4996.579667150636 4993.808652900266 4999.51256523575
1497892755185 4996.512454120529 4993.832551156785 4999.413060843067
1497892759192 4996.493727555314 4993.828941281759 4999.353094671143
1497892762682 4996.57699533284 4993.935885803944 4999.382463165369
1497892767344 4996.772259748071 4994.045471715952 4999.592690938133
1497892771305 4996.754409664719 4994.103998987447 4999.634006192107
1497892774503 4996.847436558713 4994.286687037446 4999.649039717951
1497892777812 4996.854623140102 4994.191442793464 4999.607263180167
1497892781885 4997.161267152297 4994.549627835573 4999.930800259893
1497892785309 4997.148395396128 4994.623040308677 4999.8836750337905
1497892788607 4996.904630034245 4994.42348073092 4999.715266667708
1497892791608 4996.889441348251 4994.379520457963 4999.623918495682
1497892794295 4996.901610990652 4994.379898727924 4999.496467082515
1497892797649 4997.063681126201 4994.569368546986 4999.71771294822
1497892800626 4996.829179083709 4994.1557793736965 4999.517941529012
1497892804180 4996.940078080465 4994.421510514725 4999.616976086682
1497892806793 4996.879131762323 4994.379904978587 4999.555292831238
1497892809357 4996.911921014811 4994.371114671764 4999.484815842987
1497892812036 4997.126191529337 4994.599886871147 4999.731568771186
1497892814640 4997.252133665265 4994.70505590204 4999.898079807283
1497892818382 4997.1941879597825 4994.579730981331 4999.768383318895
1497892820510 4997.338174540168 4994.818393241097 4999.993085635172
1497892822659 4997.405476002018 4994.923717794834 4999.928618177262
1497892824740 4997.601039236307 4995.120402545655 5000.205570396509
1497892826752 4997.519011587128 4995.061612106471 5000.114307871352
1497892828736 4997.575980863287 4997.575980863287 4997.575980863287
