1498521049912 5015.5862451469775 4978.506166836126 5051.834419282818
1498521060329 4994.275657571943 4970.265384615384 5021.184966069253
1498521071520 4991.652118921258 4970.574169669603 5014.368943010622
1498521080887 4994.812666033649 4975.730588778001 5014.980304723807
1498521090996 4999.383936572419 4983.670073951143 5016.117490150657
1498521101180 4997.235463565561 4982.693576761349 5011.7698745893285
1498521111929 4999.872845266296 4986.424691921112 5013.133379563604
1498521121181 4998.018254819769 4984.844117509254 5010.135639104908
1498521130131 4994.275853297962 4982.219376000605 5006.292698355647
1498521139446 4994.680019119643 4982.8880378483045 5006.065255835888
1498521150169 4993.363766260981 4982.246934350034 5004.242391141465
1498521161257 4994.755474323272 4983.798179801468 5005.739944074868
1498521169864 4996.124841407453 4985.6301207410315 5006.446287174106
1498521179392 4995.782477813264 4985.113809180819 5006.680237098744
1498521189737 4997.652762824772 4987.3027641883145 5007.856691849781
1498521200389 4998.690122075488 4988.782987176117 5008.791402584394
1498521212159 4997.047290888011 4988.104232915372 5006.9199595221335
1498521220750 4998.136974972796 4989.257605976837 5007.727073412174
1498521229788 4995.803720750414 4986.87707714815 5005.195785534116
1498521239938 4996.110021997999 4987.385593117241 5005.161967297266
1498521251503 4996.776234856341 4988.483843102098 5005.310901236243
1498521261674 4997.780177074683 4990.026932592785 5005.962531916417
1498521271053 4996.825021657214 4989.127792616621 5004.791477363171
1498521280314 4996.218903385654 4988.742013464081 5003.917937864797
1498521290326 4995.1833748135095 4987.70349046479 5003.003321123405
1498521302590 4994.2177560600885 4987.210282996472 5001.472195220058
1498521314231 4993.359302984575 4986.120078771029 5001.276050794761
1498521327269 4993.324841821715 4986.265751712926 5000.926273543222
1498521339213 4993.892756015529 4986.947320891787 5001.477185741609
1498521352327 4994.784989477987 4987.977540848558 5002.137764605014
1498521365446 4994.7025997714245 4987.66377315123 5001.990444215332
1498521377804 4994.722476501403 4987.89341733768 5001.859358897112
1498521389970 4994.733494449143 4987.990104278545 5002.054904637985
1498521403469 4994.654824176382 4987.963404902737 5001.8916774906465
1498521416468 4995.546087214068 4988.87426727666 5002.687564879809
1498521429012 4996.182895518516 4989.736348455451 5003.389345094128
1498521441811 4995.671361822934 4989.193039627772 5002.576716743951
1498521453331 4996.1073961266 4989.857577244069 5002.685432962372
1498521464151 4994.981094551993 4988.607463199779 5001.342152063344
1498521472341 4994.3382077736405 4988.155106674916 5000.932008891059
1498521481339 4994.781264390333 4988.748247114527 5001.235567450464
1498521492405 4995.338482443577 4989.271763623135 5002.032246584184
1498521502104 4995.46157394881 4989.654442396011 5001.800461625751
1498521511476 4995.393144527157 4989.589016916516 5001.740568413183
1498521522025 4995.360888875232 4989.576984494904 5001.545075136998
1498521532472 4995.1162679342115 4989.406698671393 5001.115964707095
1498521543139 4994.764877014969 4989.066501953318 5000.6381174020125
1498521558286 4994.407209156435 4988.788526173549 5000.075717854066
1498521571610 4994.178801542817 4988.75771196856 4999.874383356517
1498521583491 4994.2142124328275 4988.680532817125 4999.713757113587
1498521596656 4994.659948233296 4989.212979997263 5000.086897349073
1498521609562 4995.173776197961 4989.813361853953 5000.629061867485
1498521621976 4995.756185411923 4990.601667234344 5000.998396658057
1498521632869 4996.043269165113 4991.1219601117555 5001.239917284312
1498521644471 4996.041176307417 4990.903170083691 5001.218795259769
1498521655032 4996.360134718184 4991.202557818828 5001.295120057188
1498521664053 4996.735332011237 4991.54470266358 5001.743880407463
1498521675433 4996.328768473705 4991.089006173639 5001.4256049958385
1498521687456 4995.755988385541 4990.674394197768 5000.759919779646
1498521699696 4995.2513949553295 4990.17253232299 5000.428693327288
1498521713303 4995.404600213636 4990.545067916229 5000.508573908911
1498521726498 4995.846540750597 4990.91900949119 5000.989542916648
1498521741001 4995.375415931749 4990.372130955737 5000.443651920942
1498521754305 4995.936236370674 4991.1322054592265 5001.022593641641
1498521767097 4995.599661230045 4990.809460990612 5000.675198843917
1498521779163 4995.9130920561 4991.003313424062 5000.829026970728
1498521792420 4996.688808284936 4991.889389566332 5001.572813307249
1498521805040 4997.296657125433 4992.697005537337 5002.247415796522
1498521818674 4997.089140618898 4992.610152691093 5001.832721522585
1498521831073 4996.689736068629 4992.270199909158 5001.4136122709915
1498521844230 4996.5221377544685 4992.031712466035 5001.128460043432
1498521858005 4996.568071370561 4992.090227065633 5001.299066659475
1498521870883 4996.836675894933 4992.452005346618 5001.509244895074
1498521883220 4996.737696123703 4992.404329197569 5001.189097500268
1498521894248 4996.918514810329 4992.733372632615 5001.34584201738
1498521904502 4996.936955011335 4992.760888885858 5001.434900477086
1498521915906 4996.972346129815 4992.87701559514 5001.5519657094255
1498521927323 4996.981483797149 4993.026435476636 5001.495518710417
1498521937526 4997.026839946191 4993.136194836809 5001.570530623436
1498521948010 4997.298854798447 4993.3863399395805 5001.81626867238
1498521959121 4997.261374238282 4993.403316165198 5001.67618856499
1498521969279 4997.1962375504045 4993.308023766774 5001.49459769236
1498521979655 4997.15078718112 4993.332611070462 5001.454891803385
1498521989127 4997.530725231727 4993.727084198742 5001.800747086596
1498521998864 4997.555033114787 4993.733305252613 5001.791453344594
1498522007765 4997.40889693157 4993.62637116316 5001.682767752263
1498522016814 4997.391842384026 4993.490862511464 5001.6790526395525
1498522025371 4997.284137948695 4993.368348425471 5001.4763683952
1498522032873 4997.41202695799 4993.485289877073 5001.578636913899
1498522041051 4997.35507178028 4993.466543572871 5001.543477482757
1498522048530 4997.559751807178 4993.586962954908 5001.7342594744605
1498522056157 4997.706371240792 4993.803877567804 5001.812266190332
1498522062351 4997.7983126029385 4993.8133729172505 5001.943632480091
1498522070277 4997.678256660911 4993.714763952937 5001.771907664983
1498522076587 4997.765242368306 4993.799381368253 5001.815184275083
1498522084806 4997.606054242861 4993.719324991122 5001.603208653051
1498522092264 4997.265886934247 4993.3562940849115 5001.316063739748
1498522098711 4997.534847373889 4993.57777997551 5001.533459194237
1498522106098 4997.809627948049 4993.905950438076 5001.936904320625
1498522112836 4997.577122127142 4997.577122127142 4997.577122127142
