1498520861929 4981.226227550019 4939.346576187539 5018.694312017097
1498520869657 4993.746842734022 4966.206257032632 5021.670013311374
1498520877222 4992.77939135706 4971.192956016737 5012.857200994385
1498520885144 5008.202788474873 4990.4886537126995 5025.076898479452
1498520892513 5003.899312075381 4986.986325291495 5019.240465951318
1498520900867 5003.4915152904005 4988.262757369823 5017.298150214435
1498520908897 5004.997196226984 4990.76870776198 5018.607787346071
1498520916343 5004.575449152904 4990.8072259799565 5017.257425147745
1498520925573 5005.487705252107 4992.661135792626 5017.7706354310585
1498520934656 5003.744928488812 4991.270016237821 5015.555569323324
1498520943075 5003.328528293704 4991.805825455324 5014.387364986388
1498520951656 5001.040974720305 4989.911923645228 5012.165834265589
1498520961148 5001.402475454805 4990.9869003457925 5011.6309184228185
1498520971279 5001.755948328663 4991.281770848297 5011.544518120913
1498520981361 4998.678717615795 4988.8575953708 5008.075792530968
1498520992162 4997.334839975635 4987.9174047594515 5006.470717533234
1498521002084 4998.506545193163 4989.030561706511 5007.077585555203
1498521012285 4998.259021472257 4989.011584359693 5006.7258905283215
1498521022996 4997.395314570215 4989.1424814671445 5005.32678339861
1498521033787 4996.476043820951 4988.459736139675 5004.260766730576
1498521043812 4996.324671544063 4988.118493564431 5003.999665674303
1498521054130 4995.405249575511 4987.394432629523 5002.859934695317
1498521066254 4996.866370611676 4989.154026985563 5004.377278779746
1498521076329 4996.278634898061 4988.5431361349265 5003.809275003143
1498521086958 4994.385606900001 4986.7693220156725 5001.797265174799
1498521099059 4993.884155507581 4986.623932392227 5001.021392043612
1498521112310 4993.931857855628 4986.685581314021 5001.072392293699
1498521125389 4994.105696213337 4986.898442528865 5000.907118546558
1498521138208 4993.725025960274 4986.628097028378 5000.666998292962
1498521150622 4994.549709132348 4987.404751391213 5001.18791199356
1498521163477 4995.353425871348 4988.353179206219 5001.9323544792205
1498521175773 4995.280641647595 4988.403512188537 5001.663482202172
1498521187589 4994.4019711241535 4987.784963628153 5000.670671998621
1498521200756 4994.546117750099 4988.404740259534 5000.804559057524
1498521213373 4994.615768784252 4988.215389375378 5000.547605214042
1498521226213 4994.020951110235 4987.919711108054 4999.928369734837
1498521238786 4994.271888328942 4988.4146007706395 4999.7239264152595
1498521250927 4994.377326430815 4988.552176521436 4999.607031911007
1498521263997 4994.284385195454 4988.648448226652 4999.56619471009
1498521276287 4993.99258293409 4988.5263560392195 4999.510566996781
1498521290006 4994.872748062085 4989.418811034554 5000.313196670009
1498521302074 4994.2512465871705 4988.689823944037 4999.6737325133645
1498521314024 4994.666216528823 4989.461645783211 5000.038909804137
1498521326802 4995.450225906378 4990.238511308436 5000.8182384833635
1498521339213 4995.646193230731 4990.523080236555 5000.656391964068
1498521351550 4994.8576300831155 4989.732185943929 4999.9998626043935
1498521364832 4994.65255897152 4989.530054260943 4999.957086833156
1498521377676 4994.751327715024 4989.792759328965 4999.7957047185555
1498521389288 4994.929206346225 4989.938443635363 4999.877888191534
1498521402831 4995.060524887063 4990.076647096608 5000.036593581189
1498521415942 4995.192408798753 4990.159508790056 5000.117201972652
1498521428529 4995.36383816819 4990.286182331441 5000.185002399917
1498521441532 4995.742521561318 4990.85201001869 5000.786721771917
1498521454341 4995.52355829661 4990.476488171716 5000.5073225236365
1498521466636 4995.29231825102 4990.395050922522 5000.239941822791
1498521479752 4995.777322512824 4991.010296370384 5000.748627073765
1498521493390 4995.584373756912 4990.871316271061 5000.584204059546
1498521506455 4995.590825804761 4990.832772820958 5000.485536923669
1498521518778 4995.37146645975 4990.883253493901 5000.322364546301
1498521531370 4995.444091235019 4990.8142449089655 5000.378866533173
1498521544061 4995.455832077815 4990.982252020197 5000.288997058325
1498521557256 4995.251458289319 4990.817529658008 5000.0927330825925
1498521568034 4995.731271815297 4991.2130199273115 5000.528522225205
1498521582543 4995.618064548071 4991.043088188503 5000.295012187561
1498521595738 4995.497217409936 4990.98037898464 4999.8913787643905
1498521609063 4995.770649414504 4991.266575938566 5000.243472161882
1498521621967 4996.230620437925 4991.801687152466 5000.658669067723
1498521634112 4996.292594816743 4991.854065776686 5000.690152985795
1498521645596 4996.443204288546 4992.031489141587 5000.855378850016
1498521659347 4996.364093200648 4991.936118473253 5000.764066749473
1498521673651 4996.300606306854 4991.710682601458 5000.645196409311
1498521687096 4996.823420654252 4992.40076747067 5001.046585112475
1498521699006 4997.1575091387485 4992.771236022688 5001.490282190454
1498521713214 4997.051975882501 4992.653976076049 5001.364431171124
1498521727156 4997.436002536869 4993.168489654831 5001.844484928252
1498521740703 4997.344854753792 4992.9417474032525 5001.711073927568
1498521753661 4997.659598259537 4993.397122768476 5002.089829264916
1498521767521 4997.683527156266 4993.300685088081 5002.123041895902
1498521779659 4997.671255683811 4993.308788344077 5002.084288960972
1498521792292 4997.744255564328 4993.425771747916 5002.200392306536
1498521806660 4997.816936002909 4993.617082285663 5002.192559797608
1498521817919 4997.966968793333 4993.807533560522 5002.39789699295
1498521829832 4998.080078308389 4993.964686083416 5002.447339741105
1498521843813 4997.947220434412 4993.976932199603 5002.397949102534
1498521857704 4998.016475723884 4993.90683160559 5002.4409703209985
1498521870561 4998.040370633564 4994.18262299832 5002.241220292065
1498521882388 4998.244267807749 4994.299004550905 5002.406733804475
1498521893158 4998.079886711426 4994.174066666035 5002.440046543425
1498521904839 4998.112683991109 4994.05930589582 5002.36490011154
1498521916001 4998.2027748601495 4994.259102519831 5002.287718333242
1498521927030 4998.242161775507 4994.255273605121 5002.284778571303
1498521938358 4997.982573464514 4994.030332776141 5002.117764197933
1498521949087 4997.843177909135 4993.775511630186 5001.974735112468
1498521960787 4997.79176337127 4993.785876077758 5001.917112335565
1498521971117 4997.513440704181 4993.563832719744 5001.571560749073
1498521980694 4997.497843396345 4993.479793144668 5001.524239267564
1498521990625 4997.4841132520305 4993.603552959153 5001.499335798364
1498522000046 4997.731168087325 4993.835170747796 5001.70425944062
1498522009945 4997.689178853815 4993.790230291798 5001.622283311453
1498522020626 4997.577122127142 4997.577122127142 4997.577122127142
