1498520767947 5028.516607683452 4994.271821460776 5060.888458523539
1498520775529 5008.46262449615 4985.073113351045 5032.212974402323
1498520782038 5012.478860883657 4991.065429257642 5033.617021276596
1498520788373 5008.810552019023 4989.502549448087 5027.211028584791
1498520794847 5007.760697103081 4990.050913055328 5025.399502329166
1498520801352 5000.158484213903 4984.966151469642 5014.493014529918
1498520808175 5000.393632739718 4986.089102227685 5014.269055942127
1498520814775 5000.784873473432 4987.201018303447 5013.435681684623
1498520821399 5001.087726761119 4988.402197510954 5012.522145571932
1498520828925 4996.627727757627 4984.294595517222 5008.177324242355
1498520835553 4998.462656823419 4986.8378657451 5009.47828164883
1498520842673 4996.2067907056135 4985.430465918884 5007.038418571141
1498520849988 4996.423845931935 4985.752552432238 5006.372173066018
1498520857256 4996.856338423669 4986.5606263377895 5006.777069388313
1498520865196 4995.789003251658 4986.0010835460325 5005.426773110172
1498520872335 4995.713932458461 4986.188565611103 5004.794934107237
1498520880270 4996.824753833582 4987.6757919141455 5005.600690645558
1498520888216 4995.722948727304 4987.0939601801765 5004.077948624428
1498520896640 4995.386219209741 4986.918363094256 5003.224409010019
1498520904890 4995.8425514391 4987.777167528312 5003.154565518803
1498520913482 4997.197341871982 4989.358333596417 5004.353306698283
1498520922583 4996.006715576801 4988.233283661643 5003.067555026462
1498520931484 4995.5218461394015 4988.334239172963 5002.2975747890005
1498520940430 4995.084673139617 4988.094125109464 5001.778870617672
1498520950579 4994.332107642303 4987.312986583311 5000.665589457729
1498520960416 4994.427166322122 4987.5127893563795 5001.038548398418
1498520971456 4994.425898999331 4987.715414415153 5000.754154959428
1498520982244 4995.670952223243 4988.77847180241 5001.690758672712
1498520992770 4994.992520534919 4988.629493886489 5001.0302672142725
1498521003776 4995.941027270481 4989.629614174702 5001.639794778057
1498521014680 4995.440121497007 4989.339750413199 5001.144814704308
1498521025877 4996.54968330836 4990.409221297801 5002.316019358706
1498521036974 4996.753644205376 4990.6127964075995 5002.535793008911
1498521048892 4997.0199220036975 4991.102628006185 5002.832172129936
1498521061532 4997.415470138104 4991.604596115957 5002.723416190052
1498521074166 4997.354204345559 4991.606451663911 5002.854082705468
1498521086895 4997.620507771742 4992.025251170593 5002.9653118516135
1498521099538 4997.255431129729 4991.769710401288 5002.721999869745
1498521113294 4997.090624637256 4991.708913514581 5002.402354964971
1498521126195 4997.857126945259 4992.362077585954 5003.20711056024
1498521138828 4997.699755468877 4992.27093964778 5003.017977608515
1498521151323 4998.435036644004 4992.867511581629 5003.694320277498
1498521163892 4998.346810362083 4992.802807860886 5003.590523272865
1498521176358 4999.071275971028 4993.802220301235 5004.263326518165
1498521188938 4999.040322580645 4993.6222238684995 5004.37645508456
1498521201426 4998.116126160575 4992.896825867572 5003.330179805245
1498521214267 4998.748967881197 4993.433374205495 5003.741137288794
1498521226779 4998.597413571261 4993.30944802715 5003.700275661038
1498521239865 4998.793548750531 4993.451258996212 5003.986300154493
1498521252244 4999.019872670831 4993.542553534977 5004.26395202255
1498521264978 4999.0042168631 4993.461697382753 5004.174649332232
1498521277652 4998.6113963545085 4993.274746985155 5003.748769818886
1498521290570 4998.83193843588 4993.518974641002 5004.045717887773
1498521303111 4999.078736111455 4993.666293334014 5004.1759697942325
1498521315084 4998.956577220592 4993.505440609925 5004.104864688336
1498521327962 4998.900595155532 4993.404406627439 5004.184094242267
1498521340491 4999.283272849723 4993.908992662059 5004.51331964779
1498521352922 4999.157081192645 4993.881834897375 5004.295102616812
1498521365765 4998.992887600183 4993.908497040682 5004.27116526846
1498521378165 4998.904739061406 4993.8876472073935 5004.146943450062
1498521390846 4998.787906490013 4993.905219171406 5003.913775757666
1498521402392 4998.624284280286 4993.604614147517 5003.827754579152
1498521416423 4998.725169155236 4993.957221556349 5003.716638960389
1498521428070 4998.482671041495 4993.680764309768 5003.440707454021
1498521441245 4998.471925131407 4993.663649832491 5003.358130191558
1498521454192 4998.4220015082565 4993.672816917753 5003.265552054056
1498521468097 4998.244905397383 4993.639409333985 5003.076896981795
1498521480767 4998.270521807602 4993.763357434112 5003.017627888948
1498521494162 4997.936397658353 4993.355974164695 5002.825271901457
1498521507055 4998.099736591877 4993.581067384975 5003.080033015866
1498521519202 4998.302362413747 4993.830182086811 5003.072793694578
1498521531160 4998.203703039817 4993.688087144328 5002.9692184197
1498521545338 4998.088499828004 4993.4469702102415 5002.8202618054
1498521558785 4998.057802903269 4993.419149676813 5002.790174424784
1498521572248 4998.303593674846 4993.737731294893 5003.100836010957
1498521584154 4998.368320150503 4993.8176923892515 5002.987023025623
1498521596397 4998.57648653032 4994.151074441761 5003.017992182773
1498521608984 4998.985233681955 4994.612198727474 5003.439702102001
1498521622406 4999.054852032544 4994.69005628046 5003.50046188663
1498521634302 4998.93559328255 4994.665551044055 5003.32421262666
1498521646227 4998.902696519876 4994.55975776404 5003.326914769523
1498521659507 4998.8881105539995 4994.650535811828 5003.330826115501
1498521673986 4998.444894142432 4994.294648135183 5002.753177977085
1498521686726 4998.416291021825 4994.231729011471 5002.702750017252
1498521700628 4998.308349593954 4994.185339353238 5002.601172513754
1498521713860 4998.266517546005 4994.145624440085 5002.618488556038
1498521728360 4998.405702613584 4994.373990414721 5002.754884503549
1498521741163 4998.056248335507 4994.117282821642 5002.15996274434
1498521752965 4998.028879706231 4994.056297477565 5002.096487505188
1498521763461 4998.090297614704 4994.082886465452 5002.148100734604
1498521773644 4997.597075944273 4993.527442582374 5001.474071500658
1498521785273 4997.347907994703 4993.278538452685 5001.434716301945
1498521796494 4997.3173259583145 4993.309301941477 5001.506746737176
1498521808698 4997.436250109366 4993.422733347151 5001.468421375461
1498521819940 4997.5301382836205 4993.675956538111 5001.624595711368
1498521832138 4997.610651977032 4993.657656707252 5001.74608537676
1498521844888 4997.622366194418 4993.70944966271 5001.70936188938
1498521858459 4997.676117153083 4993.727066275257 5001.685450275051
1498521871217 4997.626409697421 4993.802370809638 5001.574447442764
1498521884005 4997.577122127142 4997.577122127142 4997.577122127142
