1498522364221 4997.024402752254 4960.312916758667 5034.052191202055
1498522372212 5006.6379277221595 4982.17320729047 5032.164565147106
1498522380178 5002.4366478460315 4981.685360917657 5024.938016480282
1498522389066 5002.751190247443 4986.213953235454 5020.787583171792
1498522397122 5007.475364768759 4992.670957538756 5024.170467984457
1498522405162 5005.780743918054 4991.235442059157 5020.965879469305
1498522413168 5001.973846782294 4989.108020793026 5016.701159060654
1498522421498 5006.326833820178 4994.02738967962 5020.342772942712
1498522429744 5003.893026519602 4991.385457552168 5016.31395831
1498522438707 5003.971679670827 4992.54191911542 5015.967601161059
1498522447672 5002.995519383213 4991.994354971115 5014.76465758439
1498522456736 5000.689341314809 4990.271524492674 5012.695828903102
1498522465865 5000.1865768317175 4990.005095587023 5012.260615303005
1498522475126 5000.332744607784 4990.402160844682 5011.950119370605
1498522485901 5002.279265294625 4992.309104354582 5013.761850784299
1498522495893 5002.543061374917 4993.287055751107 5013.143529277861
1498522506716 5003.368153241398 4994.48456298132 5013.9585686928995
1498522517125 5003.681675706405 4995.167461354572 5014.06808881011
1498522527936 5003.617111359131 4995.525009969125 5013.714382122064
1498522539972 5003.531401048658 4995.437436085356 5013.076572164095
1498522550020 5002.809219382324 4994.978662328222 5012.132243940367
1498522560312 5001.632988677883 4994.237509644846 5010.472142315948
1498522571008 5000.460627384102 4992.808654403459 5008.889147565124
1498522582600 4999.8285362742345 4992.470235187183 5008.276611950859
1498522592406 5000.669440745673 4993.0817586825715 5008.648612098474
1498522604115 4999.927379206121 4992.297177552099 5007.545309945287
1498522617322 5001.317058410304 4994.047114144267 5008.775648231677
1498522629480 5001.333260496132 4994.075086423827 5008.650672735613
1498522641685 5001.35778388552 4994.264729758545 5008.702752435128
1498522654745 5002.211300095215 4995.216251113825 5009.541353892414
1498522668101 5001.335953801236 4994.177356558603 5008.365940870241
1498522680249 5000.624626773944 4993.377842015704 5007.624873218872
1498522693175 5000.407782424993 4993.580932314226 5007.361278469751
1498522706551 5000.396928780065 4993.624412597783 5007.375588464871
1498522719603 4999.944654092345 4993.4727561376185 5007.012347612312
1498522732287 4999.059004887093 4992.690917904219 5005.883846349682
1498522745482 4999.516913806017 4993.219054789859 5006.244992363606
1498522759408 4999.136087704683 4992.912603714654 5005.945991494218
1498522772811 4999.731936112752 4993.591486801987 5006.348908594973
1498522785221 4998.495393995315 4992.495980643796 5004.897017184852
1498522798182 4998.309563215605 4992.198302026522 5004.660850326826
1498522811051 4997.867145369035 4991.7688382472525 5003.947471309393
1498522824893 4997.707244313453 4991.677219453051 5003.994719475489
1498522837562 4997.642820684622 4991.739743730238 5003.759997160009
1498522850242 4997.783057095584 4992.055677340972 5003.644823108887
1498522863356 4998.173121569833 4992.447243164335 5004.296443638907
1498522876756 4998.327901615389 4992.670300026963 5004.4624375673275
1498522889391 4998.759962837273 4993.00473114932 5005.089439481707
1498522902807 4998.9824066131505 4993.277937978252 5005.292663761728
1498522915259 4998.675168956117 4992.969946113432 5004.822955516899
1498522928190 4998.720110292533 4993.008732582706 5004.874673789813
1498522940476 4999.4213126675595 4993.885002694095 5005.1804853892645
1498522953168 4999.487880278946 4993.903115233352 5005.369367802511
1498522965936 4999.719459006403 4994.206207371389 5005.436014450179
1498522979366 4999.5392135734355 4993.74028236326 5005.153051318414
1498522992084 4999.469268760239 4994.003100329015 5004.827826050108
1498523004480 4999.403520024991 4993.6967167900675 5004.95537597448
1498523017378 4999.244945391105 4993.727249548426 5004.798354881415
1498523031357 4998.3435297622145 4992.828998425435 5003.619730236853
1498523044038 4998.709508061835 4993.2879472207605 5004.084923891475
1498523057158 4998.828806798274 4993.430335360457 5004.104865100518
1498523069921 4998.335398790941 4992.930288313608 5003.550714993333
1498523083574 4998.356283768212 4993.189884058886 5003.434684993662
1498523096620 4998.499362417998 4993.333527183552 5003.474022224137
1498523109797 4998.435230615531 4993.18248730316 5003.52697736524
1498523122874 4998.183293104066 4993.381446689303 5003.307405022893
1498523134555 4997.952403469046 4993.238708019971 5002.872500901683
1498523145723 4997.95955027409 4993.2800209195675 5003.022605025957
1498523158802 4997.603670548551 4993.057961963705 5002.641566779065
1498523169670 4997.57057521378 4993.026630694108 5002.607021305263
1498523180647 4997.805632278483 4993.236759965541 5002.641566316862
1498523193022 4997.962424638669 4993.476785241516 5002.6455263477255
1498523205129 4997.9332568854325 4993.431422739589 5002.771241661497
1498523218000 4998.0566126309905 4993.583680839957 5002.775217941263
1498523228847 4998.201569062924 4993.7409668161745 5002.739580485758
1498523240901 4997.85064513004 4993.479076508472 5002.308908997278
1498523254326 4997.643121134473 4993.3495216314805 5002.061378485496
1498523266643 4997.508249243318 4993.28092721312 5001.8739157293885
1498523278384 4997.070980542619 4992.974688218181 5001.534776772677
1498523289413 4996.904077697582 4992.774894309691 5001.508520826914
1498523299882 4997.237813522937 4993.1224947941855 5001.686411924134
1498523313318 4997.473398895574 4993.293685919839 5001.881244921125
1498523326001 4997.136184852388 4992.9462565649155 5001.3544862233875
1498523335879 4997.329208459555 4993.3097818236265 5001.643731393877
1498523345362 4996.916574125841 4992.934257822467 5001.1574652008385
1498523356780 4997.1842549344965 4993.194312041301 5001.363880520822
1498523369669 4997.446751303503 4993.645419783312 5001.624625097632
1498523383260 4997.416145351869 4993.534392513437 5001.593412821794
1498523395772 4997.606499432161 4993.797586203338 5001.634386794434
1498523406902 4997.304216598801 4993.461972632109 5001.334997469792
1498523418539 4997.481288763015 4993.630586931943 5001.478399494503
1498523430373 4997.1176176103545 4993.2630707551025 5001.039374453014
1498523440412 4997.083852885392 4993.145011843135 5001.123687053928
1498523452160 4997.326206857993 4993.475426027407 5001.228875544769
1498523464091 4997.104096912709 4993.188180654631 5000.995369681283
1498523475513 4997.43375353864 4993.462718635689 5001.289159719528
1498523485662 4997.156267405072 4993.297067369979 5000.964361206415
1498523496930 4997.333726688882 4993.442294559731 5001.223046063486
1498523507857 4997.1086108786285 4993.251111450258 5001.041011458174
1498523518216 4997.577122127142 4997.577122127142 4997.577122127142
