1498507940164 5036.30781376691 5010.505073555477 5065.85549985895
1498507940591 5012.30325071456 4992.912491723681 5032.686226678381
1498507941018 5006.504426513352 4995.489273258427 5021.141545885683
1498507941460 5001.810402183648 4991.703213370224 5016.078441128591
1498507941959 5004.463376774018 4994.745607679371 5014.988773232857
1498507942400 5000.5579191388415 4991.808083824412 5011.565791989314
1498507943124 5001.480416181333 4993.722212938219 5011.800820148402
1498507943847 4998.88463720066 4991.552462365591 5008.346598189037
1498507944551 4998.307378910854 4991.190960056062 5006.516286649093
1498507945115 4999.745302433501 4993.563070844593 5007.440972178345
1498507945686 4998.612305754619 4992.230879850567 5006.369160509267
1498507946293 5000.746429314013 4994.439975917065 5008.340376370457
1498507946720 4999.813122197904 4993.763414285163 5006.629112338127
1498507947157 4999.405284731512 4994.234599381738 5006.611108155568
1498507947847 4998.865697201155 4993.256543896646 5006.384792337177
1498507948683 4999.44427328437 4993.750427369798 5004.732532324418
1498507949452 4999.263978356231 4993.715610064795 5005.055536152311
1498507950213 5000.451944575483 4995.024791257201 5005.863695983198
1498507950659 5000.113063900815 4995.467612306188 5005.400102296134
1498507951151 5001.99489060979 4996.889607431786 5007.1252648911195
1498507951641 5002.054698397108 4997.23654241834 5007.284661490758
1498507952169 5001.863592233527 4997.341934635127 5006.653047529254
1498507952951 5001.832224406456 4996.907071949666 5006.147646986278
1498507953689 5001.547346417527 4997.0958966381995 5006.1089228011515
1498507954423 5001.728018880316 4996.93383046427 5006.37065438978
1498507955204 5002.127604528166 4997.397938571659 5006.87267091693
1498507955826 5002.220979794889 4998.0390543056 5007.129015698624
1498507956579 5002.540156261028 4998.572212980228 5007.449718362717
1498507957422 5001.873034593626 4997.757632194092 5006.621042033909
1498507957935 5001.388442801684 4997.041507887943 5005.903596479679
1498507958548 5000.751286731389 4996.588463991818 5005.507417078379
1498507959169 5000.323546212922 4996.6358757413645 5004.91912850977
1498507959710 4999.480549280082 4995.8509568751315 5003.911415843478
1498507960232 4999.678369028576 4995.586680139829 5003.818651948715
1498507961015 4999.512922744999 4995.763884481254 5003.313502292197
1498507961618 4999.545583998199 4996.2862651291725 5003.424609905002
1498507962162 4999.4516919167845 4996.222312611383 5003.216726657828
1498507962737 4998.957839022264 4995.407421610016 5002.506383494776
1498507963342 4998.9117196944 4995.793325330048 5002.424917462299
1498507964029 4998.996780580276 4995.5474538622875 5002.349735287729
1498507964719 4999.237213211896 4995.643947841066 5002.582978234696
1498507965441 4998.891172855104 4995.655776554524 5002.17959728054
1498507966199 4999.028122855076 4995.638855713652 5002.228036406892
1498507966751 4999.080330348579 4995.719213163179 5002.144112555416
1498507967292 4999.32278196797 4995.89187918808 5002.720530112224
1498507967835 4999.616897200965 4996.173093153331 5003.034562234861
1498507968419 4999.240476099092 4995.752398767469 5002.4673193092285
1498507969108 4998.688772656666 4995.075700751647 5001.846153454824
1498507970059 4998.533708618662 4995.209298955314 5001.626143700137
1498507970844 4998.759134724256 4994.8642639791415 5001.897483718224
1498507971900 4998.801465920671 4994.954124421463 5001.897964319591
1498507972754 4998.5378849393355 4994.788477107637 5001.703419859628
1498507973731 4998.418628295129 4994.66990504234 5001.507782511046
1498507974603 4998.04733503477 4994.277774532512 5001.062136082425
1498507975229 4997.58779738995 4993.788670865619 5000.579903979495
1498507975721 4997.847154373424 4993.5738916579485 5000.606660440632
1498507976221 4997.855830274016 4993.7662737947685 5000.774102582505
1498507976731 4997.93907822528 4994.116357205006 5001.091831333691
1498507977216 4997.750822159575 4993.93932275617 5000.736078454156
1498507977903 4997.498108363691 4993.785363850754 5000.273531686466
1498507978629 4997.327906737234 4993.653071737216 5000.240377555483
1498507979334 4997.476044760684 4993.782532224546 5000.368044905311
1498507980012 4997.606505720235 4994.00545956143 5000.4032187662615
1498507980688 4997.804586265299 4994.2320578228555 5000.571968681658
1498507981390 4998.09064734733 4994.363044215784 5000.563570271386
1498507982064 4998.167511207535 4994.473916900628 5000.901714953351
1498507982762 4998.042398945144 4994.433814949355 5000.845038798451
1498507983590 4997.845578699805 4994.348180722021 5000.434542073146
1498507984115 4997.928510005346 4994.420617819102 5000.348362167971
1498507984678 4998.073322328175 4994.620400931792 5000.636919993804
1498507985203 4998.03087325169 4994.792515909129 5000.522410007598
1498507985741 4998.125195394917 4995.0794199362435 5000.927801404704
1498507986264 4997.875210185987 4994.6713966743555 5000.272521374793
1498507986800 4997.853283944383 4994.8508257082185 5000.396008619703
1498507987338 4997.853036857739 4995.3227820768225 5000.090692463936
1498507988168 4997.821825756347 4995.175158935279 4999.8183631563015
1498507988899 4997.766603296608 4995.043313199892 4999.8418804153125
1498507989610 4998.084598334938 4995.158061467123 5000.180715220899
1498507990362 4998.125297231694 4995.445500285342 5000.373606679636
1498507991096 4998.22935530016 4995.336681717289 5000.532900894082
1498507991791 4998.104276328625 4995.177922211659 5000.367084898747
1498507992517 4998.179968959363 4995.330556510364 5000.53662039531
1498507993270 4998.132667653885 4995.320624983436 5000.710883156755
1498507994071 4998.067765190921 4995.222935545886 5001.010773758
1498507994584 4998.206832799398 4995.284989321561 5001.2272923035725
1498507995111 4998.060265733058 4995.203451917103 5001.151468075903
1498507995609 4998.089453321976 4995.070712033936 5001.03186512571
1498507996118 4997.95766727931 4994.981772786272 5001.091697606618
1498507996645 4997.637727647021 4994.854766220539 5000.780277200244
1498507997192 4997.6809821523375 4994.698078587034 5000.732039472951
1498507997736 4997.672635084712 4994.832743968333 5000.499163281927
1498507998673 4997.593100730848 4994.730232008376 5000.336072512701
1498507999410 4997.408297121999 4994.533901412982 5000.180884942064
1498508000320 4997.270588724439 4994.49082906506 4999.901053689667
1498508001333 4997.253843224582 4994.4754831672 4999.886460852955
1498508002245 4997.474560092041 4994.7161989333035 5000.009953233348
1498508003087 4997.56152992639 4994.537888847124 5000.015153992925
1498508003781 4997.599825462739 4994.5924720302855 5000.238352712247
1498508004427 4997.64296448169 4994.622192334547 5000.090066881172
1498508005098 4997.578261444319 4997.578261444319 4997.578261444319
