1497375422875 5022.559152643717 4985.249773443232 5058.803888745815
1497375444307 5024.295302156737 4999.709578999885 5047.897936098432
1497375447677 5018.6488148622675 4999.4797132049525 5038.097121716267
1497375452088 5016.691875614028 4999.682780773202 5032.620532718121
1497375456874 5007.952711244747 4990.379652290568 5024.202259849837
1497375461641 5004.932416861555 4990.312533644356 5019.229578411039
1497375467009 5004.689189056437 4991.453865621381 5017.453616260852
1497375472935 5001.051994522261 4986.856425699408 5013.426331018519
1497375478953 5004.452366530515 4991.130844846566 5016.3743697282825
1497375484682 5003.700813404079 4990.66444518224 5015.0147736730905
1497375490633 5002.543857925355 4990.170293370294 5014.147749327507
1497375497065 5001.506840215839 4989.96950107284 5012.826505753578
1497375503512 5000.611815968217 4989.912009345773 5010.954787386416
1497375510394 5000.2736823669875 4989.020783782339 5010.5563994734375
1497375517540 5001.049035520853 4989.917261874459 5011.707520209102
1497375526730 5002.2911457935115 4992.424936897106 5012.2159946789825
1497375535504 5001.625511276268 4992.176173081497 5010.898895499442
1497375543815 5002.518800615069 4993.261515684722 5012.000320036852
1497375554557 5001.337126865194 4992.004883771076 5010.9767568679345
1497375564854 5001.246709978344 4992.405782028136 5010.0734349241
1497375576719 5000.077555138555 4991.308456336691 5009.07102159343
1497375589680 4999.962440785118 4991.88909139528 5007.84169215459
1497375602311 5000.344516036986 4992.444336087964 5008.325641749866
1497375616815 5000.500445970502 4992.299300237075 5008.235149809577
1497375629544 5001.903032840105 4993.838288421927 5009.799951831019
1497375643268 5002.14165357045 4994.33964376789 5009.524253716611
1497375656826 5002.618736611443 4995.339781064564 5009.7067687901845
1497375671445 5001.62675501656 4994.3909171812 5008.228656517436
1497375685561 5001.886567862888 4994.553565361446 5008.606917932284
1497375699983 5000.9137071903915 4994.398743488873 5007.321095209039
1497375714683 5000.782846235198 4994.23464523228 5007.357580506725
1497375729398 4999.528451249494 4993.064316802629 5005.918927461095
1497375744081 4998.983629047517 4992.822776597616 5005.369300900035
1497375759476 4997.356927312667 4991.2842802554715 5003.605141332751
1497375775698 4996.721019509824 4990.429118380039 5002.976444280565
1497375790539 4996.025273553725 4990.134311348486 5002.272975198035
1497375807245 4996.786756797623 4990.901360566712 5003.038160458703
1497375822882 4996.31062213015 4990.388937921843 5002.334739099089
1497375841600 4996.962427234563 4991.040565926487 5002.984251864013
1497375856802 4997.293624510107 4991.416198579829 5003.166826074162
1497375876135 4996.9709900701655 4991.327809905425 5002.784068839911
1497375893602 4997.307765056052 4991.85326668325 5003.003508333333
1497375911953 4996.618079277526 4991.023110597805 5002.499124777941
1497375929916 4996.525813137319 4991.259164905831 5002.226078986326
1497375947501 4996.746557115153 4991.586415769426 5002.241314814815
1497375964786 4997.344091257612 4992.1324221144905 5003.086793252121
1497375984046 4997.084224973559 4991.83641792762 5002.968168563677
1497376002791 4996.823625650955 4991.590497651147 5002.6892678088125
1497376020911 4996.9871372183825 4991.885504734824 5002.659304262206
1497376040513 4997.302201801629 4992.088947271402 5002.913256124035
1497376059067 4997.070727100151 4991.893494435916 5002.548942050941
1497376078587 4997.106380161279 4992.123591574058 5002.302268381722
1497376097384 4996.695693645013 4991.783636108703 5001.798145104848
1497376117095 4996.883716758062 4992.25132512461 5002.151600165031
1497376136372 4996.8900958316335 4992.277898920766 5001.637415324645
1497376155154 4996.955146783375 4992.35982962762 5001.934594453903
1497376175563 4997.130369521128 4992.458712624785 5001.896299232499
1497376194188 4997.048575755051 4992.362858596921 5001.912659257324
1497376214032 4997.137456969812 4992.41111373473 5001.845402142403
1497376233838 4997.418915415052 4992.677015212279 5002.071370924307
1497376255051 4997.205308542252 4992.226300985765 5001.746089320282
1497376276203 4996.952241701661 4992.208429354829 5001.514768630399
1497376296877 4997.273262025004 4992.666475280135 5001.875685966543
1497376320035 4997.530679585856 4992.915088211821 5002.059779959836
1497376338551 4998.073997756608 4993.604354445281 5002.481449068709
1497376355681 4998.355547136059 4993.863470176443 5002.6770889490435
1497376378622 4998.6440348483675 4994.3150633574 5002.958108373301
1497376397311 4998.7679233282515 4994.587617989172 5002.8990365902755
1497376416461 4998.503002450143 4994.195939374522 5002.407322616049
1497376437155 4998.133212477794 4993.741384616787 5002.296538921306
1497376456514 4998.064023179105 4993.555648511139 5002.097819988333
1497376471926 4998.422301975736 4993.841199477841 5002.53782176371
1497376488575 4998.715598603206 4994.190108657627 5002.655800980594
1497376508228 4998.637369335598 4994.16959404256 5002.4366138697615
1497376528156 4998.353909201347 4993.780360040347 5002.314096969096
1497376544613 4997.812731089135 4993.390113610463 5001.7278843112235
1497376561599 4997.455661916722 4993.130821109812 5001.30489585311
1497376585168 4997.267482981226 4992.896668144936 5001.107737267401
1497376600567 4997.272925627093 4992.969677434381 5001.161286329296
1497376620566 4997.424473476815 4992.993368330075 5001.234678908604
1497376636123 4997.193186657628 4992.964682992123 5000.987467670915
1497376651003 4997.184828890062 4992.786550170992 5001.066152595347
1497376666889 4997.274900440952 4993.275152490023 5001.1300720925465
1497376683105 4996.6812712295905 4992.7266720996695 5000.472623810995
1497376703243 4996.7190615565205 4992.669751716629 5000.498410488833
1497376717434 4996.67202732084 4992.4701947398835 5000.540263826042
1497376731514 4996.81004427062 4992.761913946804 5000.590155447883
1497376744107 4996.938981675281 4992.971714981498 5000.885301545246
1497376757918 4996.673003066538 4992.617294147762 5000.452009097017
1497376769068 4996.847883910337 4993.115973624332 5000.449605994418
1497376785912 4996.823837640678 4992.755196107795 5000.322583979468
1497376799093 4996.948899425472 4992.863639409326 5000.5709738068535
1497376812012 4997.227773646223 4993.501697151653 5000.780113584884
1497376823990 4997.597871648795 4993.756699017503 5001.1878442296265
1497376837357 4997.4553268487425 4993.611693457924 5001.049371970142
1497376849237 4997.338497341533 4993.493161660706 5000.999934487904
1497376867425 4997.220374727468 4993.483303588504 5000.948353957635
1497376880509 4997.515294861417 4993.619118330546 5001.237456583952
1497376892988 4997.186173586879 4993.348330629779 5000.659438141421
1497376904137 4997.575980863287 4997.575980863287 4997.575980863287
