1497292497787 5004.5823584663995 4968.096415222562 5036.653803990353
1497292501114 5000.675358233498 4974.782339568281 5024.0985162294255
1497292504958 5001.92557980609 4980.208741525424 5019.254519523571
1497292508545 5001.182486117044 4981.934967837704 5018.4851459506845
1497292512237 5006.223892966073 4989.057131041522 5022.110738224922
1497292516239 5003.787772642227 4988.41452821343 5018.885655978333
1497292519272 5000.976390935692 4985.444699783156 5015.9644473173885
1497292522873 4999.492208457924 4984.539031818182 5013.524742797953
1497292525649 4997.316741559595 4983.43308841123 5010.151027667985
1497292528744 4997.575980863287 4997.575980863287 4997.575980863287
