1497559365092 5025.503434153833 4987.094752308984 5061.563504659585
1497559369729 5008.907460392023 4984.266780596277 5034.168209804014
1497559373656 5004.910791291329 4980.8137240595015 5025.383141321689
1497559377554 5004.6748502930095 4986.788493343256 5021.766999444788
1497559381969 5001.347967174197 4985.077654356364 5017.7902820826475
1497559386148 5001.872702431527 4986.416954776444 5018.1972800300655
1497559390399 5000.24775391709 4985.143588969805 5016.139948790168
1497559394569 4998.719183272673 4985.300830585279 5013.676630263003
1497559398400 4997.0531252121555 4984.709376292717 5010.378766095125
1497559402224 4997.126660489425 4984.878733850242 5009.084647624961
1497559405962 4995.872237200449 4984.3612881381505 5006.869216147413
1497559410075 4997.619805282149 4986.26391706356 5008.061825073209
1497559414517 4995.561610364544 4984.693952343775 5005.192939813385
1497559419012 4993.977045741542 4983.390477543148 5003.409728568586
1497559423344 4993.314002647649 4982.457444748555 5002.073784182978
1497559427785 4993.682629567149 4984.451485291826 5002.902974886707
1497559432365 4992.74079927151 4983.362733528996 5000.982866798247
1497559436406 4992.810412659686 4983.498758045657 5001.0958707910595
1497559441090 4993.778084934802 4984.553680059876 5001.790280575539
1497559445380 4995.113302565176 4986.107942480083 5002.62913831166
1497559449744 4995.313910860705 4986.947173732547 5003.026614208633
1497559453724 4995.476885877558 4987.174913140616 5002.882487541699
1497559458091 4995.145828697271 4987.103461182325 5002.945007999484
1497559462363 4993.5098245147965 4985.504845203325 5000.617508659657
1497559466671 4993.343832698087 4985.359013116981 5000.299962597956
1497559471156 4992.908933384017 4985.268588719045 4999.863330677262
1497559475081 4992.924252707091 4985.76028629723 4999.799962066189
1497559479829 4992.7595753531605 4986.004130075315 4999.293153993268
1497559483861 4993.036324001483 4985.943201555114 4999.677700737814
1497559488603 4993.7584257425915 4987.002805016277 5000.525864982369
1497559492903 4993.182232690637 4986.321508053937 4999.818802028018
1497559497605 4992.8115754789305 4986.159075705335 4999.534238544243
1497559501897 4993.208845446007 4986.727059112281 4999.706490423843
1497559506383 4992.8540477975175 4986.430129933754 4999.251268749529
1497559510945 4992.9655788474265 4986.631363749122 4999.352921331271
1497559514982 4993.408351987412 4987.183298807817 4999.842117321088
1497559519193 4994.165291744703 4987.941528997212 5000.326900543827
1497559522679 4994.352577331916 4988.084350188334 5000.4057676692355
1497559526740 4994.817952888276 4988.663071661265 5000.820792151675
1497559530836 4994.096928294119 4988.1679679310355 4999.957273548058
1497559535638 4994.2010698165495 4988.30014215244 5000.250509808868
1497559540158 4993.694968237826 4987.654846043483 4999.853404827675
1497559544347 4993.507786265933 4987.570777464841 4999.682884925442
1497559548853 4993.645037841901 4987.930227792228 4999.674075287939
1497559553572 4994.176320874307 4988.816856679466 5000.380677717666
1497559558399 4994.513042014969 4989.1823041517355 5000.488611171827
1497559562927 4994.912028366456 4989.646446178486 5000.77397299117
1497559567400 4995.29594133955 4990.14758095405 5001.23159912508
1497559572435 4994.992773570892 4990.11474875024 5000.895773191416
1497559577298 4994.601802243536 4989.6384903287335 5000.321709449894
1497559581928 4994.905360830467 4989.897619887406 5000.638474774987
1497559587114 4994.365296622277 4989.441780722516 4999.862592115879
1497559591654 4994.71322690578 4989.928464406771 5000.097923585477
1497559596595 4995.140265445903 4990.361240185835 5000.370245033138
1497559601336 4995.22798188159 4990.45652400382 5000.795465870854
1497559605964 4994.7640541484825 4990.042453392042 5000.078664823471
1497559611376 4994.630781551657 4990.04637692483 4999.703427663523
1497559616385 4994.798661656813 4990.269572991733 4999.915062082192
1497559620887 4994.9054447465605 4990.242554802199 4999.791001696334
1497559626302 4995.132635993986 4990.558617613148 5000.097623709381
1497559630724 4995.345594811687 4990.821101624459 4999.895675074404
1497559635426 4995.0708245523065 4990.574472178391 4999.793976117193
1497559640268 4994.224703753235 4989.58148101775 4998.935546242231
1497559644787 4994.70157876033 4989.954668585007 4999.517448631933
1497559648895 4994.60420402309 4990.135364885475 4999.396293958292
1497559652644 4994.349627392095 4989.9380509028015 4999.20516114208
1497559657085 4994.567694229123 4990.133666551683 4999.277771165038
1497559661905 4994.470099419441 4990.20589054054 4999.100682071754
1497559666688 4994.518357458415 4990.19225559038 4999.124707309125
1497559671818 4994.496603015385 4990.3941182202825 4998.861112217965
1497559677036 4994.747243951215 4990.694066543843 4998.926574923869
1497559681852 4994.910644541261 4990.797182351942 4999.438172655917
1497559686764 4995.187524185963 4991.065490970429 4999.449929974234
1497559691257 4995.395580987885 4991.018416083488 4999.92474127327
1497559695720 4995.62687605661 4991.306293941452 5000.037599797748
1497559700183 4995.429768367639 4990.974367899404 4999.907396676064
1497559704341 4995.686533210262 4991.437325064939 5000.326100772348
1497559708273 4995.683057439106 4991.482433740809 5000.2610082544425
1497559712127 4996.133869188243 4992.08783211549 5000.637878017345
1497559715533 4996.48913674891 4992.525227748132 5001.015441875636
1497559718803 4996.104691154686 4992.291369503703 5000.762918124972
1497559722600 4995.967637866677 4991.956543776531 5000.54892645442
1497559726794 4996.035968036385 4992.047776715494 5000.6354361582935
1497559730370 4996.326341678441 4992.229128566086 5000.669542830519
1497559733841 4996.370454437699 4992.426476887737 5000.871179781354
1497559736939 4996.118580156239 4992.20475461159 5000.368228746758
1497559740389 4996.077920380461 4992.2735893473055 5000.324535114506
1497559743209 4996.400068427997 4992.480903204389 5000.615737168245
1497559746771 4996.3159701784525 4992.408512742553 5000.368418466007
1497559749414 4996.519665663012 4992.603959690171 5000.705954117447
1497559752441 4996.72593722796 4992.809013443766 5000.774695535668
1497559755290 4996.443906475054 4992.474584694741 5000.307772033261
1497559759195 4996.7612493875695 4992.805186594368 5000.695425903965
1497559761634 4996.873070318574 4992.91058643764 5000.702260296331
1497559764740 4996.948132235952 4992.98230283439 5000.657338983733
1497559767971 4996.868029125243 4993.037705233376 5000.674817643877
1497559770806 4997.251507447105 4993.57583945993 5001.142318597182
1497559772819 4997.308752520247 4993.567177157233 5000.975508755103
1497559774874 4997.536099644262 4993.774339375618 5001.267380160002
1497559776966 4997.575980863287 4997.575980863287 4997.575980863287
