1497559356134 4980.4069802212825 4946.43526895871 5016.224201558158
1497559360184 5000.896064775252 4974.046011396012 5026.5352237142915
1497559364547 5004.897296620766 4982.696873015214 5025.190967784642
1497559368837 5000.425013882363 4982.2522276305235 5017.746953763979
1497559373081 5003.194983811859 4986.634493893604 5018.450380233282
1497559377191 5004.661751302445 4990.237435502082 5019.109406844205
1497559381017 5006.752252419629 4993.4046418144535 5021.107775082758
1497559385705 5001.3185327187775 4989.441430666468 5015.1065381606295
1497559389488 4997.031059084014 4984.962983404104 5010.501922236387
1497559393340 4997.507472567839 4986.081566473259 5010.569764053436
1497559396899 4997.42511392842 4985.521933468335 5009.4663878988
1497559400994 4994.279915220826 4983.535919714718 5004.890650244691
1497559405586 4995.432913413473 4984.654358396545 5004.626339769408
1497559409832 4993.832129303879 4984.016080145881 5003.15739853245
1497559414229 4995.034973512293 4985.803589474176 5003.970770832817
1497559418690 4993.822002370807 4984.95596385406 5002.728802882438
1497559422987 4994.704835700165 4985.782302606729 5003.31900447042
1497559427461 4996.055591225186 4987.37862904114 5005.2283005361005
1497559431933 4995.879704740614 4987.656214846409 5004.492010773208
1497559436071 4995.646524840873 4986.859788824102 5004.079323468067
1497559440483 4995.907345419067 4987.658790397529 5004.128290410774
1497559444251 4996.7244318667235 4988.931450995448 5005.0544045525385
1497559448405 4995.923573403664 4988.3854145119585 5004.483937957318
1497559452555 4995.838772567125 4988.39237922801 5003.915489983715
1497559456767 4996.160233540423 4988.527944195222 5004.128246645728
1497559460520 4996.952737639159 4989.59340852968 5004.346398629926
1497559464387 4998.154259195188 4991.374615944941 5005.250230787604
1497559468233 4997.420840528665 4990.851584374592 5004.4818765767695
1497559471902 4997.356520509762 4990.91572615245 5004.531456924911
1497559476200 4997.77772225084 4991.465675042907 5004.899838482498
1497559480549 4999.254683342089 4993.147984348737 5005.906652501049
1497559484936 4999.132482754202 4993.09009299174 5005.765918716999
1497559489290 4999.1533250555585 4993.4856805815525 5005.933158771851
1497559493851 4999.064161196175 4993.395723630214 5005.69027409533
1497559498445 4998.29196942801 4993.128111153788 5005.091990717734
1497559502742 4998.063942072985 4993.091349166668 5004.718997885346
1497559507213 4997.599514706171 4992.270793330453 5004.187048826365
1497559511828 4997.345467390273 4992.231681717818 5003.325025473588
1497559516028 4997.440789701302 4992.422855239375 5003.496928725772
1497559520426 4997.446973541231 4992.520776116988 5003.424644437053
1497559525144 4997.151164335376 4992.097594833844 5003.101723599121
1497559529455 4997.754272770454 4992.628858852458 5003.650367981079
1497559533271 4997.953209527499 4992.575515523014 5004.173842438529
1497559536989 4997.815669763675 4992.962939102159 5003.536273749708
1497559540600 4998.0608097776085 4993.131425422319 5003.560723324469
1497559544642 4996.923566821847 4991.739022492202 5002.339551153908
1497559549132 4996.926066585138 4992.0796568803735 5002.699919863051
1497559553686 4996.731487461536 4991.92001671342 5002.218964066254
1497559558640 4997.013479590752 4992.300386104147 5002.3769370842465
1497559563133 4996.7869346819525 4992.042260990013 5002.177096651314
1497559567592 4996.658190983922 4991.86919185548 5001.997028119459
1497559572445 4996.645759713919 4992.045169120036 5002.071193705723
1497559577245 4996.770567959029 4991.993496194624 5002.3151875237645
1497559581765 4996.480490273969 4991.921643088292 5001.869557073317
1497559587114 4996.151453655752 4991.541682584422 5001.322809772544
1497559591792 4996.393960841836 4991.815348712796 5001.588291050102
1497559596595 4996.52855104778 4992.074421959311 5001.748391514503
1497559601397 4996.898057250935 4992.403524655097 5001.764584835662
1497559605968 4996.69688886459 4992.0648547138735 5001.610135348468
1497559611286 4996.385122231567 4991.866625903184 5001.072977665769
1497559615975 4996.339185712705 4991.895018341661 5001.063030752124
1497559620595 4996.344227382597 4991.990867622103 5001.194218190297
1497559625676 4996.591759189416 4992.439872397106 5001.1729128836305
1497559629501 4996.368841892685 4992.098482185677 5001.10115503253
1497559633778 4996.651544572234 4992.194843992754 5001.426705373167
1497559636994 4996.722979273228 4992.347522628379 5001.120758935993
1497559641393 4996.845784444796 4992.391921713932 5001.151064881879
1497559646427 4996.863505175776 4992.593726006556 5001.098258748368
1497559651401 4996.904324764618 4992.94927237304 5001.322378666529
1497559656530 4996.839500303693 4992.716405093501 5001.175684178341
1497559661614 4996.4887578251 4992.403169622809 5000.959165923768
1497559666445 4996.8440607814455 4992.679864807814 5000.9611206837835
1497559671663 4997.14021010907 4993.048709254275 5001.197058160399
1497559677007 4997.351662921358 4993.355390332511 5001.462954646087
1497559681610 4997.505160535518 4993.6715961086875 5001.5371367685175
1497559686737 4997.390644441891 4993.424537422385 5001.467107516565
1497559691306 4996.707349317924 4992.791988518258 5000.738731092257
1497559695760 4997.103024271057 4993.263469417221 5001.164979263179
1497559700448 4997.055176196306 4993.184602504429 5000.949341578018
1497559704306 4997.107981844339 4993.191621131824 5001.154110792725
1497559708509 4996.959550293027 4992.959361338277 5001.076062285307
1497559712406 4996.737466676406 4992.6067308521515 5000.567948694296
1497559715642 4996.928012797649 4992.887557104552 5000.966654674808
1497559719200 4997.044404073524 4993.125426499094 5001.093371312925
1497559722787 4997.036105208077 4993.094404442861 5001.177388440741
1497559727028 4997.321936167041 4993.455929794187 5001.303574680498
1497559730446 4997.3710919746445 4993.65987892259 5001.440575946016
1497559733924 4997.43146054361 4993.630697264171 5001.2379923247545
1497559737262 4997.435444110738 4993.523910548608 5001.0695263916205
1497559740660 4997.367191364485 4993.498208439929 5001.109430800459
1497559743290 4997.663519875404 4993.717125965709 5001.400334781546
1497559746940 4997.508905962198 4993.540012364466 5001.050601966958
1497559749504 4997.45627867101 4993.5385192735275 5001.1504942135825
1497559752518 4997.243284643627 4993.32096589138 5001.039796742176
1497559755421 4997.149699787955 4993.321894505162 5000.838772280826
1497559759062 4997.535647907473 4993.751479756787 5001.27547395878
1497559761477 4997.416160195742 4993.546748688719 5000.982415258321
1497559764383 4997.521508743092 4993.641690936596 5001.033376070448
1497559767802 4997.573938308958 4993.754342342358 5001.253909259116
1497559770968 4997.575980863287 4997.575980863287 4997.575980863287
