1497292484929 4987.809729221833 4949.7322768974145 5019.141652385677
1497292488211 4997.085799701046 4967.549990390159 5023.203799416081
1497292491568 4993.172648565071 4971.652713703365 5014.411951797796
1497292494658 5000.072943719246 4979.96597754224 5016.730755656108
1497292497938 5004.316198645059 4986.42324497992 5018.940617647058
1497292501290 5005.09838719322 4988.002126204484 5019.170216559828
1497292505108 5002.023321373655 4985.553166123867 5014.999035150083
1497292508788 4999.798650235995 4983.453236555652 5012.533992211952
1497292512996 4996.60420742386 4983.268350913162 5009.263696690445
1497292516749 4997.575980863287 4997.575980863287 4997.575980863287
