1497293521320 5106.834185848253 4998.8479125248505 5192.162631578947
1497293524811 5046.952787865841 4972.967057761733 5117.574113543887
1497293528092 5013.559437958732 4946.701558287074 5079.611867980619
1497293532151 5010.234395040616 4953.227375 5064.5517153748415
1497293535793 5030.957119671991 4983.077767916574 5077.892224788298
1497293539467 5017.27237510304 4977.794953947368 5055.029196478703
1497293543120 5018.82600899924 4982.260847023906 5054.04657350368
1497293546917 5022.848394324123 4986.849337929395 5057.719113152902
1497293550496 5013.5806177592995 4977.561730121526 5046.514552296397
1497293554199 5025.381985058698 4995.439891212466 5053.569566652001
1497293557788 5028.690183682187 5001.117899557041 5053.590050809737
1497293561069 5024.7264275888 4998.6234084429325 5049.110607927895
1497293564776 5026.261354653175 4994.3699547192455 5053.133816154827
1497293568333 5022.772919086995 4994.878179705965 5047.08485
1497293572177 5024.0481521186675 4998.117674673668 5048.580611632715
1497293576137 5017.577335610589 4993.508421507234 5040.867004166666
1497293580175 5018.810313476412 4993.702380399262 5041.783084821429
1497293584025 5013.127259768859 4988.052464375706 5036.0350699554565
1497293587961 5009.839028846071 4986.150534457159 5032.357729813156
1497293591491 5012.162913313553 4988.513802083334 5036.964569662882
1497293594774 5012.756294879567 4990.002019736842 5036.589713857199
1497293597846 5014.400186969347 4991.994139261226 5038.213949074074
1497293601500 5018.396555845841 4995.346625238139 5042.153203403909
1497293604924 5015.72535665333 4993.0264616467875 5038.09886981064
1497293608573 5014.899140861188 4992.448142767618 5036.358489797581
1497293612883 5014.543885641579 4992.013019297593 5035.909782527378
1497293616630 5010.341937577942 4988.8002521241815 5031.412628695779
1497293620474 5010.991652248211 4987.798472634705 5031.772198209708
1497293624405 5010.782034137275 4986.772737696647 5031.263922838752
1497293627674 5007.270577679029 4983.932934767369 5029.096841267033
1497293630696 5006.892743913381 4983.47134844471 5028.569023967203
1497293634144 5008.0365587906035 4985.172473958333 5028.853514985946
1497293637794 5006.952975511373 4985.447958099661 5028.183202586207
1497293641693 5006.594906576405 4985.01936428937 5025.5246867158
1497293645739 5005.0885398636665 4984.843337816607 5023.289654765649
1497293649842 5005.818144907963 4985.756118352438 5024.206143824978
1497293653637 5007.202972074298 4986.63385 5025.734155426104
1497293656967 5004.769472721523 4985.144708896445 5023.660953779158
1497293660869 5004.766311129344 4986.652241848166 5022.92957391884
1497293664388 5004.6368499764985 4986.992276041667 5022.951182846744
1497293667801 5006.676188604437 4989.107847851395 5024.746414064134
1497293671429 5006.149658439888 4988.126936826722 5023.42215785025
1497293674583 5007.115192706954 4989.449377873823 5024.526737183969
1497293678054 5010.215609301848 4993.511796281466 5027.179539766961
1497293682208 5008.261126037426 4993.0231187345535 5024.449518509204
1497293686116 5004.457267220831 4989.940777069832 5019.743102965695
1497293690600 5003.389743765006 4988.363931996697 5017.684987390008
1497293695018 5004.884565111531 4989.8391912578245 5019.46864663397
1497293698865 5003.091437212203 4987.3589004488285 5018.218332560998
1497293703166 5001.865984930032 4987.526633921602 5016.26326135929
1497293707453 5003.875230674595 4990.185032894737 5017.135822580645
1497293711522 5005.496953980758 4993.021795 5017.695919501952
1497293715472 5004.863175791128 4991.57032614206 5017.165712805542
1497293719870 5003.286194495225 4989.893385357713 5015.768152173913
1497293724059 5001.88965293379 4988.849988067552 5014.789242675086
1497293728284 5000.8359286245095 4987.597446366728 5014.335231850778
1497293732483 4999.624986651973 4986.300862065924 5012.769769316007
1497293736747 4998.721823842694 4985.7049820055045 5012.224675291007
1497293740778 4999.915865856888 4986.284438829227 5013.281303739637
1497293745129 5001.033609568561 4987.395112781955 5014.613796428572
1497293748380 5000.454802935673 4986.610396043983 5014.341732365146
1497293751189 4999.403275761161 4985.769124661446 5012.1505721484855
1497293754688 4996.5236669329315 4982.687702163683 5009.541583664361
1497293758632 4997.663880048698 4983.671344493079 5010.48924506865
1497293763283 4997.403173301207 4984.023442131473 5010.302060080924
1497293766991 4998.283131474955 4984.389721126352 5012.133429283903
1497293771276 4998.665951847991 4984.755592265359 5011.721226576345
1497293775724 4997.72593488086 4984.015743028592 5010.578556918156
1497293779741 4999.153036464919 4985.498256832227 5011.749299522989
1497293784623 5000.772540090733 4987.361114516383 5014.0022525320555
1497293788878 4999.482485668151 4985.904809113936 5013.2119084022515
1497293793860 4999.680827160811 4986.424781735677 5013.18975792347
1497293798508 4999.056840027683 4985.821282920054 5012.439602843912
1497293802969 5000.225498573064 4986.650874228649 5013.6935791281385
1497293807173 5000.682447183474 4986.977587739617 5014.473301537391
1497293811215 5000.902309923657 4987.033173866107 5014.8647152174235
1497293815249 5000.468569109512 4987.332263841621 5014.992631461036
1497293819949 5000.6677701836825 4987.146351445489 5015.516790123457
1497293823880 4999.863087661145 4987.083372400555 5013.627250067605
1497293827724 4998.624631025866 4985.366800823662 5013.136400246921
1497293830613 4998.762227396031 4985.854955 5013.119082786287
1497293834432 4999.554911492328 4986.3443561444665 5013.307719890038
1497293838505 4999.709358153998 4987.167275 5013.883200657089
1497293842678 4999.721096716599 4987.143728273849 5013.603572287807
1497293847471 4999.900204605547 4987.745746811093 5014.045442674327
1497293851936 4999.512863446284 4987.804449074074 5013.5208303824365
1497293856278 4999.818110754195 4987.606985188475 5014.215187303543
1497293861147 4999.929539017545 4987.197446849271 5014.813757902674
1497293865453 5001.083172783234 4988.326726851852 5015.751261498486
1497293870134 4999.729218729309 4987.188611111111 5014.069761304487
1497293874643 4999.056591683825 4986.365189470333 5013.069741393168
1497293878801 4998.266632209783 4984.976828703704 5012.779346033787
1497293882998 4998.036581094358 4985.3090694444445 5012.792217220851
1497293886668 4997.832837108769 4985.197765384859 5012.25743506763
1497293890189 4997.725256184085 4985.281576550549 5011.614460892334
1497293893343 4998.002417728872 4985.510337962963 5011.188154929764
1497293896521 4998.637291379215 4986.139014630304 5011.703671235788
1497293899377 4998.292971836942 4985.541885751081 5011.69042951759
1497293902142 4997.616733802931 4985.364921296296 5011.085927713079
1497293904735 4997.575980863287 4997.575980863287 4997.575980863287
