1496860366240 4978.292700636399 4941.36807001147 5011.234188257873
1496860368635 4978.266588335826 4953.231864601812 5001.58686440678
1496860370765 4994.941279010151 4971.708495270851 5017.484743589744
1496860373100 4997.404848355403 4976.8256282980055 5015.76263716688
1496860375334 4997.766619108237 4978.759458967119 5014.970322033898
1496860377655 4996.002981593572 4979.502744184178 5010.555648305085
1496860380113 4996.866786559475 4982.396696190319 5011.573359682822
1496860382582 4994.342999935926 4980.488887865318 5007.562692746398
1496860384748 4996.149927810479 4983.466727994834 5008.805070799847
1496860386527 4997.575980863287 4997.575980863287 4997.575980863287
