1497556130885 4990.220166631062 4953.784729681346 5026.88905918947
1497556133930 4994.247800273364 4969.708925742051 5019.764253502102
1497556136235 4991.597404998776 4970.350629337562 5012.937485758344
1497556138973 5001.098228010248 4983.959777241184 5018.801166868722
1497556142084 5003.772457084294 4986.151828116449 5019.322271386431
1497556144656 5003.732211477078 4987.985281387428 5018.025154711543
1497556147013 5000.918891603552 4986.076316238739 5014.517363594776
1497556150403 5000.596366325553 4986.154674073431 5013.310709851945
1497556153411 5003.245984541145 4989.039403258451 5015.644810196042
1497556155923 5000.67624636437 4988.511147395237 5011.593618349197
1497556158427 4997.406442467807 4985.592135056241 5007.855201859281
1497556161871 4998.58338875285 4987.906225321977 5008.199782678478
1497556164525 4997.067203451369 4986.383588708086 5006.860750982817
1497556167089 4998.526534217694 4988.255400080679 5008.1504289088725
1497556170042 4999.367870324927 4989.039984355361 5008.538363619592
1497556173761 4997.955538952914 4988.784340980138 5006.862129287805
1497556176226 4997.632209414029 4988.983190634874 5006.212748029976
1497556178559 4999.432857509591 4990.872720314094 5008.1886093927715
1497556180968 4999.639241706647 4991.3569762539155 5007.870803247368
1497556184239 4998.496452431398 4990.4143334782475 5006.578016557527
1497556187117 4998.187759495618 4989.643166306879 5006.147637870583
1497556190244 4999.391854497737 4990.723172989659 5006.868919993172
1497556193145 4999.49355001038 4990.758526154005 5006.930710002888
1497556195658 4999.234508666125 4991.334014788277 5006.295789386779
1497556198607 4999.556401743561 4991.559889212584 5006.438484593833
1497556201794 5000.20075065659 4993.2624304810715 5007.247339273256
1497556205531 4999.606320521896 4992.188629260039 5006.31288391707
1497556208306 4998.51616003814 4991.4978899152065 5005.128405825556
1497556211106 4997.348675652712 4990.206465754927 5003.703345242362
1497556214543 4996.604235366089 4989.955112931519 5002.785148604979
1497556217929 4996.565143728613 4989.881859772657 5002.817861829497
1497556220310 4996.888593611499 4990.322503294509 5003.050298640367
1497556223940 4997.535014167138 4990.876639500289 5003.63992070149
1497556226705 4997.075408871069 4990.330611557129 5003.143863906823
1497556229698 4996.522852766108 4990.052713219078 5002.602852572572
1497556232685 4996.746682261794 4990.208593259724 5002.707970781091
1497556235727 4997.594854889269 4991.553566788748 5003.20986042394
1497556239016 4997.331157436083 4991.035279221406 5003.063588079139
1497556241701 4998.049241364403 4991.72284519055 5003.488165833351
1497556244641 4997.783903735092 4991.498690220441 5003.007471189497
1497556248017 4997.590154928922 4991.184407351375 5002.9084817289995
1497556250958 4997.525312916629 4991.216677717604 5003.150801810826
1497556255185 4996.9142673330225 4990.8240995585775 5002.23038615971
1497556258052 4997.329850484856 4991.404110548389 5002.848332459143
1497556260855 4997.4498630457665 4991.17135265842 5002.742571293686
1497556263489 4996.975623946988 4990.756056263119 5002.28446293702
1497556266165 4996.425851256107 4990.527004547403 5001.701572308859
1497556269062 4996.723008607617 4990.791016301163 5001.835603924604
1497556272232 4997.445217071848 4991.435275992133 5002.279843117299
1497556275639 4997.1243427831305 4991.333100841348 5001.810423268979
1497556279106 4997.050811364528 4991.532134511192 5002.127941333679
1497556282124 4997.436736367714 4991.986856718424 5002.364516961598
1497556285104 4997.739507741256 4992.321047781004 5002.721524813043
1497556288667 4997.995881637554 4992.590757556342 5002.919260199435
1497556291781 4998.009454176377 4992.634693975605 5002.870478827686
1497556294742 4998.208417130721 4992.867746507357 5002.930031727119
1497556298126 4998.311888614931 4993.163405455275 5002.932534051473
1497556301576 4998.137789717436 4992.995542293721 5002.711951517649
1497556304945 4998.336237195752 4993.316372058093 5003.005034158185
1497556308278 4998.400624082938 4993.384773433592 5002.992016650533
1497556311896 4998.434886464699 4993.330390837207 5003.39095459498
1497556314676 4998.71452906826 4993.551931921784 5003.507766688715
1497556317852 4998.402111497779 4993.279210060907 5003.132222940514
1497556320860 4998.2725505514645 4993.380329201864 5002.781725573485
1497556325158 4998.186608591353 4993.34439848966 5002.488972147944
1497556328178 4998.084223943356 4993.474594438688 5002.451280375568
1497556331098 4998.002995168092 4993.5718311234095 5002.293300239491
1497556334678 4998.631493608425 4994.269385020163 5002.957191485661
1497556337505 4998.413473198791 4994.024234644554 5002.593513011765
1497556340881 4998.743253056308 4994.357024611433 5002.931739768516
1497556344890 4998.5209774109135 4994.2576981446355 5002.6538084337235
1497556348498 4998.131653487876 4994.026881176168 5002.122628719368
1497556351936 4998.203384762461 4994.105561464566 5002.259529904851
1497556355705 4998.049347382954 4993.877565110627 5001.98237956408
1497556358645 4997.992586621832 4994.00326642119 5002.01906708416
1497556361921 4997.645448483582 4993.6183277607 5001.7704085490905
1497556365191 4997.359908466389 4993.250753700916 5001.523334338258
1497556368178 4997.286057118301 4993.175959893017 5001.477404092422
1497556372377 4997.224299516537 4993.072285008146 5001.444490968529
1497556376500 4997.143669003838 4993.093791273533 5001.356114406728
1497556380354 4997.501048273552 4993.331978921973 5001.515824994317
1497556383579 4997.739167524209 4993.674876225858 5001.94113044828
1497556387060 4998.000095259291 4993.881073283085 5001.956214964302
1497556390130 4997.966315432449 4993.999207965123 5001.957733461637
1497556394052 4998.029539312989 4994.059786530119 5001.934441140169
1497556397558 4997.597966262425 4993.700338367017 5001.555521665979
1497556401038 4997.338628639678 4993.548643284125 5001.244126301628
1497556404628 4997.059683213655 4993.17837620727 5000.969401124948
1497556408594 4997.360933862446 4993.526354593497 5001.215137993269
1497556411802 4997.106254439798 4993.255266426465 5000.946594812193
1497556415230 4997.255274642801 4993.478739045436 5001.058586236795
1497556418391 4997.228155455925 4993.467362617753 5000.913637179444
1497556421734 4997.593083916935 4993.829964330971 5001.1939348770275
1497556426050 4997.435623729219 4993.603724155884 5001.072508659302
1497556430219 4997.50003310445 4993.7100769375975 5001.167918260722
1497556433544 4997.652471269474 4993.910372350304 5001.3967522258545
1497556437517 4997.509639995216 4993.600093153073 5001.275185973642
1497556441600 4997.3867186148445 4993.533405453497 5001.116449402834
1497556445175 4997.538696541593 4993.671245477296 5001.261662573814
1497556449020 4997.575980863287 4997.575980863287 4997.575980863287
