1 4961.445536095685 4849.762162162162 5076.809906858594
2 4990.2084579239645 4911.158364466583 5070.056771263418
3 4983.051687313114 4917.345385277658 5053.49739772248
4 4991.289833404528 4929.718511450382 5045.466181506849
5 4973.19777872704 4922.798113207547 5020.90394295302
6 4977.438487825715 4928.036632653061 5021.097502191061
7 4977.814425459205 4936.462497949138 5020.146407682235
8 4989.247381460914 4951.366009975062 5026.448279479648
9 4986.524562152926 4949.043190596138 5020.604035010941
10 4990.038829560017 4953.805150753768 5023.47342361405
11 4992.2597565143105 4959.676980737018 5025.576565143824
12 4988.641392567279 4954.436273747841 5019.879783806698
13 5000.648539085861 4967.044106217617 5031.157406926407
14 4997.399521571978 4966.102684277801 5026.581380753138
15 4994.863844510893 4965.551476251605 5023.283150627615
16 4993.434963690731 4966.061316232128 5021.703171690695
17 4995.564788551901 4967.627925957088 5022.069405857741
18 4992.264938060658 4963.846275635767 5017.299798801369
19 4994.271452370782 4966.150756780403 5017.574066864156
20 4990.132376497725 4963.012571522323 5014.087405223252
21 4988.71138468373 4963.019304085765 5011.859590301004
22 4990.878314766087 4966.075972868067 5013.6816797361425
23 4988.889403854697 4965.343371250592 5010.2082586556335
24 4983.990589652462 4959.196871651842 5004.7277454312925
25 4988.335833646584 4963.413377323515 5009.147380394554
26 4987.086679794791 4963.7417553414325 5007.959661016949
27 4986.955028342225 4964.134272714956 5007.540459666592
28 4984.771446756342 4963.450456204766 5005.785332197615
29 4986.648300107217 4964.862428870983 5005.625679741687
30 4986.77624806175 4965.537455035971 5006.220716319167
31 4984.900330196538 4963.50562814372 5004.825892345746
32 4985.036180655524 4964.36553213611 5004.874983193277
33 4983.802556994144 4963.152697841727 5003.184617647059
34 4984.8822649956 4964.663265139116 5004.212776577672
35 4987.423610221185 4967.996859678783 5006.0857691559295
36 4988.129746862479 4968.947053782321 5006.262741433022
37 4986.46716815747 4966.680800674252 5004.4839157215565
38 4985.26777643933 4966.0223630427745 5002.6715848427675
39 4988.880453819275 4970.396226655348 5005.984657488804
40 4988.603501892338 4969.682855215828 5005.563788714468
41 4989.9169720890895 4971.933803947009 5006.231973502762
42 4989.035975771245 4971.283816666667 5006.41927458834
43 4986.492088986091 4968.491111580727 5002.558984575836
44 4985.9199415644325 4967.1988921040365 5002.455082662145
45 4986.011191607149 4967.980828749726 5002.968218637033
46 4982.835376584766 4965.025899280576 4999.240301112621
47 4982.699868434542 4965.207687338501 4999.254476693052
48 4982.324360113454 4965.128701188455 4997.866266490765
49 4983.236779380105 4966.139505403159 4998.870474934037
50 4982.128438642654 4965.073710404196 4997.3912944752055
51 4982.756179972063 4965.734749036372 4997.287994717994
52 4982.305015313772 4965.570497387845 4997.034133111495
53 4980.978744398833 4964.425442419354 4995.729684291638
54 4981.847588454654 4965.5156892522855 4996.179327176781
55 4981.88637907246 4965.746043555567 4996.993564695801
56 4982.1036039691935 4966.284359933499 4996.2866596015265
57 4983.714775120353 4968.140636546088 4997.754730077121
58 4985.327949663182 4969.820718429866 5000.247584812401
59 4986.32695010316 4971.004926129151 5000.829429429429
60 4986.608834572816 4971.341547716419 5001.178937953311
61 4988.015937429252 4973.101407216078 5002.106461487404
62 4987.768631756107 4973.264862143938 5001.728034130557
63 4988.546186934811 4974.08366335169 5003.160074999037
64 4987.565400699692 4972.712387589928 5001.784862896316
65 4988.23124863842 4973.278348935518 5002.2123360403775
66 4988.143090861715 4973.542978618522 5002.350512929207
67 4989.696094010304 4974.797655778531 5004.4013054120205
68 4990.3427864776895 4975.369529915609 5004.657431114879
69 4991.860248951311 4976.939551738584 5005.919562419563
70 4992.054335289746 4977.221389605194 5006.430654923332
71 4993.043844136317 4978.242355716401 5008.191596579943
72 4992.442977847263 4977.862512733446 5007.476511233574
73 4992.580879274846 4978.256728820928 5007.718978799261
74 4992.430145833867 4977.534382634129 5006.996451886393
75 4993.439372581182 4978.900611465829 5008.041621047881
76 4993.420312513349 4979.148178376105 5007.490572668113
77 4993.886194906494 4979.623250961287 5008.4951670282
78 4993.374883597748 4979.509201267749 5007.958070698467
79 4991.5017129285525 4977.667069999426 5006.316219672213
80 4991.380146261032 4977.9213006396585 5005.94466977138
81 4991.780869022905 4978.124702358416 5005.346981640475
82 4992.421681909245 4978.947325266375 5005.266691182309
83 4991.936959372584 4978.4456240984155 5005.105575783235
84 4991.918488870284 4978.437428571428 5004.874668741663
85 4992.856238493313 4979.784963034198 5006.181917866215
86 4993.3253183427805 4980.416070677325 5006.585360598065
87 4994.570573636391 4981.873835431655 5007.645129742294
88 4994.252089892056 4981.227264746063 5007.756642645189
89 4993.853103121276 4980.727618077857 5007.44775847801
90 4994.8844183970305 4981.917800231499 5007.495774403471
91 4995.136106756428 4982.574116820769 5007.5937207737525
92 4995.828378961397 4983.127267122449 5007.516127789455
93 4996.271397632666 4983.588748869921 5008.346528083972
94 4995.847208280116 4983.622309283219 5007.523164720696
95 4996.026988005331 4983.702264160468 5007.880348795397
96 4996.212866930937 4983.921971358092 5007.912451312447
97 4997.21783387796 4984.799421261042 5008.988120973438
98 4997.112697293949 4984.8107673469385 5008.93508677686
99 4996.489066871703 4984.246329288584 5008.083956081734
100 4997.575980863287 4997.575980863287 4997.575980863287
